,Seq,Time,ACCx,ACCy,ACCz,ADGx,ADGy,ADGz,Keydown
0,1,1566049083058,-0.39909998,-2.0369,2.8369999999999997,-2.4850953,-9.798548,8.906622,-1
1,2,1566049083068,-0.39909998,-2.0369,2.8369999999999997,-0.25572947,-9.948521000000001,0.33856884,-1
2,3,1566049083079,-0.0028,-0.13149999,0.0023999998999999998,-0.24548228,-9.928113,0.22108059,-1
3,4,1566049083089,-0.0104,-0.102,0.058199997999999996,-0.25684994,-9.914753,0.30858386,-1
4,5,1566049083100,-0.0663,-0.102199994,0.27719998,-0.39146155,-9.823217,0.5060289000000001,-1
5,6,1566049083110,-0.1107,-0.083,0.102699995,-0.34265813,-10.055666,0.13804966,-1
6,7,1566049083121,-0.1472,-0.2699,0.0493,-0.46959870000000004,-10.006471000000001,0.9780697,-1
7,8,1566049083131,-0.1994,-0.19299999,0.9862,-0.23245783,-10.046597,1.2611601000000001,-1
8,9,1566049083141,0.0906,-0.23449999,0.8109999999999999,0.09485827,-10.10718,0.27394456,-1
9,10,1566049083152,0.3189,-0.3055,-0.1406,0.14853626,-10.177224,-0.20497240000000003,-1
10,11,1566049083163,0.37829998,-0.4156,-0.7787,0.021375433,-10.352481,-0.96151143,-1
11,12,1566049083173,0.25349998,-0.5449,-1.4442999,0.033557132,-10.354884,-0.94253975,-1
12,13,1566049083183,0.4944,-0.32369998,-1.0266,0.24171859,-10.117255,-0.47479892,-1
13,14,1566049083193,0.59169996,-0.2188,-0.80649996,0.36838144,-10.020424,-0.18918024,-1
14,15,1566049083204,0.59169996,-0.2188,-0.80649996,0.33145326,-10.134244,0.040921696,-1
15,16,1566049083214,0.6494,-0.3144,-1.0098,0.39486134,-10.034511,-0.35869932,-1
16,17,1566049083224,0.894,-0.1707,-1.1437,0.6239481,-9.955828,-0.38650078,-1
17,18,1566049083234,1.0059999,-0.1541,-0.88809997,0.7283928000000001,-9.963978,-0.060037002,-1
18,19,1566049083244,0.9223,0.039899997,-1.1044999,0.67599803,-9.731864999999999,-0.28609753,-1
19,20,1566049083255,1.2329999,-0.4718,-0.75909996,1.0412288,-10.211768,0.0114921685,-1
20,21,1566049083265,0.8463,0.3822,-2.2482998,0.65558034,-9.385817,-1.4068234,-1
21,22,1566049083276,1.4346,-0.5959,-1.0807999,1.2408285,-10.130921,-0.41665813,-1
22,23,1566049083286,1.3341,0.0356,-1.4142,1.3425055000000001,-10.230232,-0.041946415,-1
23,24,1566049083296,1.4132999,0.2665,-0.6946,1.4131919,-9.400393,0.06526594,-1
24,25,1566049083306,1.5746,-0.2383,0.5604,1.4737844,-10.052133,1.5935711000000001,-1
25,26,1566049083316,1.1578,-0.2834,1.4981999,1.2429451,-10.059037,2.1811464,-1
26,27,1566049083326,1.2847998999999999,0.3859,1.6049,1.4429758999999998,-9.415198,2.1564097,-1
27,28,1566049083336,1.1554999,-0.35799998,2.3855,1.3585178999999998,-10.146732,3.0074238999999996,-1
28,29,1566049083347,1.0396,-0.1226,2.2389,1.3214556999999998,-9.943043,2.6617968,-1
29,30,1566049083357,0.91139996,-0.29,2.2347,1.3048973,-9.882527,2.536216,-1
30,31,1566049083367,0.92609996,-0.1148,1.6607,1.389269,-9.532973,1.8683584,-1
31,32,1566049083377,0.6577,-0.2574,1.0733,1.1000303999999999,-9.977433,1.5733066,-1
32,33,1566049083387,0.7829999999999999,-0.021,0.86539996,1.2186104,-9.855741499999999,1.1119629999999998,-1
33,34,1566049083397,0.70669997,-0.0018,-0.0824,1.117393,-9.812166,0.3491991,-1
34,35,1566049083408,0.5408,-0.0402,-0.2215,1.1555567,-9.715317,0.49531245,-1
35,36,1566049083418,0.0894,0.049599998,0.102699995,0.9665488000000001,-9.460247,1.0355976,-1
36,37,1566049083428,-0.39299998,0.071899995,0.7935,0.11557291,-10.1072855,1.9008333999999998,-1
37,38,1566049083438,-1.6652,-0.5269,1.9061999,-1.5963196000000002,-10.60661,3.0129113,-1
38,39,1566049083448,-2.9696,-0.789,2.7036,-2.297926,-10.485263,3.5035693999999995,-1
39,40,1566049083458,-2.7682998,-0.363,3.0061998,-1.5244552,-9.914102,3.6575167,-1
40,41,1566049083469,-1.933,0.0037,2.9914,-0.97873056,-9.780467,3.6205117999999996,-1
41,42,1566049083479,-1.7313,-0.161,2.6618,-1.0835774,-9.815126,3.2377555,-1
42,43,1566049083489,-1.9808999,-0.1713,2.2108998,-2.1681316,-10.067311,2.7405374,-1
43,44,1566049083499,-2.9055998,-0.40829998,1.7696999,-2.7108207,-9.919608,2.5885055,-1
44,45,1566049083509,-3.5477998,-0.313,1.4757999,-3.5405837999999994,-10.214114,1.9615502,-1
45,46,1566049083519,-3.7782998,-0.34559998,0.8739,-3.2471793,-9.978382,1.6762381000000002,-1
46,47,1566049083529,-3.4624998999999996,-0.31,0.57559997,-3.1155555,-9.715287,1.8599404,-1
47,48,1566049083539,-3.5805,-0.4414,0.4261,-3.2849502999999998,-9.782421000000001,2.0716164,-1
48,49,1566049083549,-3.4573998,-0.1815,0.8993,-3.9589464999999997,-10.312861,2.0337691,-1
49,50,1566049083559,-3.8702,-0.14829999,1.5101,-4.28021,-9.972913,3.40964,-1
50,51,1566049083569,-4.4182997,-0.2545,2.4075,-5.1245112,-10.098666,3.9220665,-1
51,52,1566049083580,-5.1148,-0.428,2.5379999,-5.7785015,-10.159853,3.6858351000000003,-1
52,53,1566049083590,-5.740999700000001,-0.3015,2.2412,-6.5066546999999995,-9.939059,3.0036218,-1
53,54,1566049083600,-6.3406,-0.29709998,1.2735,-6.8370934000000005,-9.872338000000001,1.9812498,-1
54,55,1566049083610,-6.5852,-0.0916,-0.2332,-6.822775999999999,-9.750539999999999,0.09389102,-1
55,56,1566049083621,-6.3620996,-0.2717,-2.1474,-6.268355400000001,-10.399339999999999,-1.5805945,-1
56,57,1566049083631,-5.2246,-1.1487,-4.1495,-4.3472669999999995,-10.673025,-2.5054173,-1
57,58,1566049083641,-3.2263,-0.8854,-4.410599700000001,-2.8945324,-10.07775,-2.1740117000000003,-1
58,59,1566049083651,-1.8,-0.38329998,-4.2169,-2.115689,-10.013691,-2.4467976,-1
59,60,1566049083662,-1.3459999999999999,-0.6688,-4.569,-2.3360417,-10.290144999999999,-2.3458962000000003,-1
60,61,1566049083672,-1.5709,-0.713,-4.3652,-3.0467459999999997,-10.409539,-1.7157041000000002,-1
61,62,1566049083682,-3.0958,-0.774,-2.8343,-3.9557862,-10.344924,-0.85108125,-1
62,63,1566049083693,-2.6513999,-1.0622,-3.2271,-3.7572112,-10.66138,-1.2492466,-1
63,64,1566049083703,-2.6513999,-1.0622,-3.2271,-2.1736958,-10.4301195,-1.7342447,-1
64,65,1566049083713,-0.54109997,-0.9032,-4.3099,-1.5215056,-10.418014999999999,-2.4074845000000002,-1
65,66,1566049083723,-0.35999998,-0.6301,-4.6802998,-1.5300768999999999,-10.168041,-2.6815919999999998,-1
66,67,1566049083734,0.8031,-0.57379997,-5.6393,-0.72852683,-10.118395,-3.4098315,-1
67,68,1566049083744,2.9745,-0.6536,-6.8946,1.6661728999999998,-10.165005,-4.8924080000000005,-1
68,69,1566049083754,2.9745,-0.6536,-6.8946,2.313134,-9.780917,-5.915603,-1
69,70,1566049083764,4.5603,-0.0387,-8.4833,3.1333013,-9.549953,-6.549128,-1
70,71,1566049083774,5.5305,-0.007999999,-7.2860000000000005,3.7902799,-9.765623,-5.22274,-1
71,72,1566049083784,5.4494,-1.0468998999999999,-6.0713,4.025965,-10.583128,-4.2863492999999995,-1
72,73,1566049083795,3.6207,-1.5244,-5.0825996,1.6991266,-11.168586999999999,-3.1692622000000004,-1
73,74,1566049083804,3.6207,-1.5244,-5.0825996,1.0276200999999998,-11.422727,-2.7965999,-1
74,75,1566049083814,3.0161998,-1.4980999,-4.8894997,1.9813073,-11.130127,-3.5377970000000003,-1
75,76,1566049083824,4.321399700000001,-1.5449,-5.4476,2.9418897999999998,-11.157085,-4.049074,-1
76,77,1566049083834,4.9473,-1.1607,-5.7388,3.4459074,-10.651765,-4.464372,-1
77,78,1566049083844,5.4508,-0.7845,-5.5878997,4.013075,-10.422236999999999,-4.4315524,-1
78,79,1566049083854,6.1018996,-0.25,-4.4547,4.820083599999999,-10.207525,-3.7613769,-1
79,80,1566049083865,7.0368,0.070599996,-1.8700999,5.577762,-9.603842,-1.0549906,-1
80,81,1566049083875,7.1728997,1.1948,-0.28509998,5.384742,-8.119292999999999,0.45967716,-1
81,82,1566049083885,7.7555,0.65239996,1.7156,6.3516064000000005,-9.058605,2.1782062,-1
82,83,1566049083895,7.5322,0.76589996,2.9320998,5.9824204000000005,-8.640502,3.0751703,-1
83,84,1566049083905,6.6204996,0.5966,3.6144998,5.393887,-9.143476,3.8079777000000004,-1
84,85,1566049083915,5.2739997,1.2313,2.5641,3.8838453,-9.114237,2.6862178,-1
85,86,1566049083925,3.3681997999999997,0.7572,2.1474,0.73117965,-9.211796000000001,1.8870618000000001,-1
86,87,1566049083936,-2.5909,-4.173,4.5218,-3.9902437000000006,-13.347301000000002,4.492183,-1
87,88,1566049083946,-1.9047999,-0.7819,2.9648,-2.0359526000000003,-10.565842,2.9780805,-1
88,89,1566049083956,-0.1065,0.005699999599999999,2.2626,-1.1099709999999998,-9.858183,2.6324153,-1
89,90,1566049083966,0.37829998,0.0667,1.7792,-0.2729773,-9.728044,1.8708866999999998,-1
90,91,1566049083976,-0.4926,0.2749,1.2353,-1.6926718999999997,-9.759274000000001,1.2636118,-1
91,92,1566049083986,-2.8766,-0.43789998,1.1672,-3.8494837,-10.162889,1.2637745,-1
92,93,1566049083997,-3.9568,-0.4551,1.3565999,-4.746974,-10.331104,1.6104071000000002,-1
93,94,1566049084007,-4.2883,-0.1196,1.9627,-4.8717027,-9.887642,2.2495439999999998,-1
94,95,1566049084017,-4.7457,-0.19669999,2.6114,-5.4110775,-9.998588999999999,2.7825317000000003,-1
95,96,1566049084028,-5.5564,-0.294,3.2666,-5.9800453000000005,-9.978142,3.4308812999999994,-1
96,97,1566049084038,-5.5097,-0.1468,3.5886,-5.8043685,-9.992861999999999,3.7115202000000003,-1
97,98,1566049084048,-4.2845,0.058599997,3.2586,-2.6741986,-9.532466000000001,1.7798783,-1
98,99,1566049084058,-2.003,-0.5697,0.8847,-3.1680076,-10.283432000000001,1.3703357,-1
99,100,1566049084069,-3.36,-0.2753,1.6937,-4.4435519999999995,-10.079455000000001,1.9856262999999998,-1
100,101,1566049084079,-4.8936996,-0.2747,2.3118,-5.921627,-10.116968,2.5370014,-1
101,102,1566049084089,-5.7778,-0.2742,2.7501,-6.2646489999999995,-10.111125999999999,2.783288,-1
102,103,1566049084099,-6.1253,-0.28419998,2.8063,-6.871474,-10.187711,2.5727708,-1
103,104,1566049084109,-6.473,-0.4129,2.3495998,-6.7255899999999995,-10.179332,2.2433958,-1
104,105,1566049084120,-6.1298,-0.44489998,2.1676,-6.248838,-10.329257,1.9833663000000001,-1
105,106,1566049084130,-5.2367,-0.2922,1.8528,-4.5995393,-10.347164999999999,1.5569876,-1
106,107,1566049084140,-3.6160997999999998,-0.71959996,1.2392,-3.2274797000000004,-10.487273,1.2550118000000001,-1
107,108,1566049084150,-2.4908,-0.39249998,1.0447999,-4.497038400000001,-9.8965,1.3103657,-1
108,109,1566049084160,-4.0197,-0.0942,0.94949996,-4.8794885,-10.1517315,0.93007076,-1
109,110,1566049084170,-3.8586998,-0.4727,0.43089998,-4.6407003,-10.160082000000001,0.65065783,-1
110,111,1566049084180,-3.7331998,-0.41059998,0.4055,-4.11953,-10.238439999999999,0.70726633,-1
111,112,1566049084191,-2.5702,-0.3881,0.2418,-3.4707879999999998,-9.8350935,0.5749149,-1
112,113,1566049084201,-2.2883,-0.0916,-0.1245,-1.340638,-10.023813,0.09002198,-1
113,114,1566049084211,-1.9284999,0.4694,-0.2699,-1.0454808,-10.458859,-0.50707275,-1
114,115,1566049084221,1.4678999,-0.9982,-1.2150999,-1.1712052,-9.6923895,-0.65166336,-1
115,116,1566049084232,-1.0907,-0.3387,-1.2545998999999999,-0.52699256,-10.470533,-1.0856076000000001,-1
116,117,1566049084242,-0.3385,-0.2368,-1.4591999,-1.0912483999999998,-10.16351,-1.0472429,-1
117,118,1566049084252,1.8772999,-0.44889998,-1.6173999,1.8952501,-9.598968,-1.4539316999999998,-1
118,119,1566049084262,4.085099700000001,0.91139996,-2.1711,2.7765367000000003,-8.799773,-1.5696099,-1
119,120,1566049084273,6.0253,1.3608999,-2.5604,5.4444337,-8.820574,-2.072651,-1
120,121,1566049084283,10.2677,0.1959,-3.4501998,8.957953,-9.510488,-2.8408349999999998,-1
121,122,1566049084293,10.2677,0.1959,-3.4501998,5.8248534,-8.986425,-2.4050426,-1
122,123,1566049084303,7.877000000000001,0.3013,-3.1494,5.248865599999999,-9.801,-2.636447,-1
123,124,1566049084313,6.4424996,-0.0804,-3.2036,3.9051440000000004,-11.487111,-3.0399082,-1
124,125,1566049084323,1.5863,-2.9963,-2.9691,0.59214354,-12.750236,-2.4951413,-1
125,126,1566049084334,2.3565,-0.722,-1.3349999,2.4988763,-10.190709,-0.8726386,-1
126,127,1566049084344,7.0488,-0.111499995,-1.8565999,6.114504,-9.878964,-1.4835143999999998,-1
127,128,1566049084354,6.4855,-0.26549998,-2.5298,5.6989279999999995,-9.876303,-2.082898,-1
128,129,1566049084364,5.4038,-0.17369999,-2.9003,4.5198026,-9.942344,-2.612821,-1
129,130,1566049084374,4.5388,-0.0235,-2.0844,3.435804,-9.88269,-1.6278561000000003,-1
130,131,1566049084385,3.8167,-0.33409998,-1.3805,2.5677526000000004,-9.962954,-1.0127952,-1
131,132,1566049084395,2.7638,-0.2628,-1.0483999,1.1667328000000001,-10.210677,-0.5767439999999999,-1
132,133,1566049084405,0.89199996,-0.5159,0.30159998,0.09328768,-10.300880000000001,0.49018884,-1
133,134,1566049084415,0.90529996,-0.486,0.77989995,0.14632404,-10.185116,0.95026827,-1
134,135,1566049084425,1.0638,-0.28059998,0.3478,0.26273009999999997,-10.06508,0.5644474,-1
135,136,1566049084436,0.9578,-0.12459999,-0.4592,0.1440639,-9.912637,-0.3359448,-1
136,137,1566049084446,0.8717,-0.037499998,-0.78169996,-0.0748619,-9.877931,-0.50510955,-1
137,138,1566049084456,0.5571,-0.0679,-0.789,-0.29448682,-9.809542,-0.46636176,-1
138,139,1566049084466,0.2784,-0.0392,-0.9086,-0.6668043,-9.867386999999999,-0.6290047,-1
139,140,1566049084477,0.0844,-0.0786,-1.1171,-0.6722727,-9.858509,-0.80426985,-1
140,141,1566049084487,0.1311,-0.0092,-1.1635,-0.6576393,-9.796154,-0.7637311999999999,-1
141,142,1566049084497,0.16319999,-0.0861,-0.9309999999999999,-0.60106915,-9.860529,-0.5118612,-1
142,143,1566049084507,0.2206,-0.1033,-0.5873,-0.5119760999999999,-9.923689,-0.14983872,-1
143,144,1566049084517,0.24489999,-0.1495,-0.24419999,-0.5908315,-9.991271000000001,0.29024428,-1
144,145,1566049084527,0.13,-0.21519999,0.0945,-0.55713075,-10.014619999999999,0.4437892,-1
145,146,1566049084538,0.2016,-0.23199999999999998,0.3354,-0.48535258,-10.050753,0.6192651,-1
146,147,1566049084547,0.2351,-0.24919999,0.3073,-0.3928119,-10.036014999999999,0.42347682,-1
147,148,1566049084557,0.28,-0.2864,0.0762,-0.25423548,-10.118634,0.06558197,-1
148,149,1566049084567,0.39589998,-0.3534,-0.2217,-0.19492634,-10.143543,-0.12501563,-1
149,150,1566049084577,0.42700000000000005,-0.3718,-0.2127,-0.18503347,-10.123077,-0.017611748,-1
150,151,1566049084587,0.3839,-0.2925,-0.0924,-0.19186173,-10.041597,0.15610194,d
151,152,1566049084598,0.38459998,-0.35079998,-0.0064,-0.16429970000000002,-10.22235,0.06691315,-1
152,153,1566049084608,0.4091,-0.42909998,-0.16939999,-0.13602896,-10.255582,-0.04735731,-1
153,154,1566049084618,0.42819998,-0.53709996,-0.2365,-0.12995727,-10.250564,-0.04435977,-1
154,155,1566049084628,0.42389998,-0.518,-0.1871,-0.14316368,-10.551544,0.09269392,-1
155,156,1566049084638,0.41709998,-0.87189996,0.0568,-0.18144219,-10.752686,0.40406463,-1
156,157,1566049084648,0.42909998,-1.0598999,0.39479998,-0.21388839,-10.95784,0.79664665,-1
157,158,1566049084658,0.3279,-1.4648,0.7241,-0.99624646,-11.914391,1.0117226000000001,-1
158,159,1566049084669,-0.8937,-2.6657999,0.8035,-1.70335,-12.800178,1.1572133999999998,-1
159,160,1566049084679,0.022699999,-3.3005998,0.86399996,0.8156949,-13.011835000000001,1.0690206,-1
160,161,1566049084690,2.9840999,-3.0098999,0.1858,4.345907,-12.153197,-0.8418396,-1
161,162,1566049084700,5.7906,-2.1871998,-1.7105999,6.162857,-11.273539,-2.308968,-1
162,163,1566049084710,8.043799,-1.0246,-3.4631998999999998,7.985582000000001,-10.004363,-3.4052634,-1
163,164,1566049084720,9.1909,-0.1236,-4.1096,8.171899,-9.541314999999999,-3.3783336000000004,-1
164,165,1566049084730,9.0687,0.3032,-4.0129,7.1108365000000004,-9.510995,-2.864442,-1
165,166,1566049084740,7.8479996,0.1691,-3.5595,5.752884,-9.680486,-2.3024560000000003,-1
166,167,1566049084751,5.9578,-0.0273,-2.8476999,3.4505522000000006,-9.86095,-1.5131066999999998,-1
167,168,1566049084761,3.8267,-0.093399994,-2.2354,1.8610513,-9.863958,-1.0093284,-1
168,169,1566049084772,1.788,-0.0519,-1.5911,-0.13311762,-9.694736,-0.3934535,-1
169,170,1566049084782,0.0358,0.13419999,-1.1069,-1.6946637999999998,-9.332972,0.057096925,-1
170,171,1566049084792,-1.3975999,0.44489998,-0.74759996,-2.4894526000000003,-9.0985985,0.13302185,-1
171,172,1566049084802,-2.4526,0.7823,-0.66279995,-3.1666574,-8.782861,0.15352578,-1
172,173,1566049084813,-3.0927,1.0004,-0.60719997,-3.3676362,-8.721914,0.030751128,-1
173,174,1566049084823,-3.3383,0.99399996,-0.46559998,-3.3282947999999997,-8.79486,0.2556816,-1
174,175,1566049084833,-2.9389,1.1237,0.3312,-3.0487478,-8.724395,0.81749535,-1
175,176,1566049084843,-2.3924,1.4887999,1.169,-2.3649158,-8.307669,1.8255597,-1
176,177,1566049084854,-2.1087,1.7946,1.5584999,-2.1190696,-8.041721,2.1500506,-1
177,178,1566049084864,-2.2691998,1.8347,1.2196,-2.2341158,-7.9607779999999995,1.8380574,-1
178,179,1566049084874,-2.7484,1.6387,0.5172,-2.8512452,-8.230624,1.008773,-1
179,180,1566049084884,-3.4541,1.2366999,0.12629999,-3.4036739999999996,-8.558055,0.73021233,-1
180,181,1566049084894,-4.0346,0.6389,0.27109998,-4.0340385,-9.282492999999999,0.9475101,-1
181,182,1566049084905,-4.1685,0.0808,0.85349995,-4.0973125,-9.857369,1.6826448,-1
182,183,1566049084915,-3.892,-0.22209999,1.4376999,-3.7918407999999997,-10.02843,2.070659,-1
183,184,1566049084925,-3.2345,-0.2999,1.7529999,-3.2821345,-10.095400999999999,2.315988,-1
184,185,1566049084935,-2.3465,-0.2021,1.7852,-2.2660832,-9.977058999999999,2.302293,-1
185,186,1566049084945,-1.4021,0.0416,1.2578,-1.3277379999999999,-9.674749,1.5757965,-1
186,187,1566049084956,-0.7224,0.1276,0.49879998,-0.89199334,-9.692025,0.97148085,-1
187,188,1566049084966,-0.3836,0.066199996,0.0245,-0.619562,-9.748078,0.43430820000000003,-1
188,189,1566049084976,-0.1836,0.07369999599999999,-0.4044,-0.5224148000000001,-9.700127,0.1534779,-1
189,190,1566049084986,-0.1722,0.111499995,-0.5888,-0.7044412,-9.716024,0.03685155,-1
190,191,1566049084996,-0.41709998,-0.0066,-0.4497,-0.96509314,-9.866064,0.21712537,-1
191,192,1566049085007,-0.8163,-0.3595,-0.0667,-1.446998,-10.374699,0.65260196,-1
192,193,1566049085016,-1.1091,-0.8495,0.2713,-1.5942701000000001,-10.742237,0.88754976,-1
193,194,1566049085026,-1.0558,-1.1337,0.5214,-1.450618,-10.987049,1.1098656999999998,-1
194,195,1566049085036,-0.703,-1.3009,0.74909997,-1.1563038,-11.120818,1.3238882,-1
195,196,1566049085046,-0.23979999,-1.2626,0.97139996,-0.61962897,-10.978957000000001,1.4947001,-1
196,197,1566049085056,0.2609,-1.0285,1.0684999,-0.43725786,-10.875258,1.5449401000000003,-1
197,198,1566049085067,3.2951998999999996,-4.3936,1.5496999,2.2310896000000002,-15.470795,2.2068121,-1
198,199,1566049085077,1.8262999,-0.21669999,1.3521999,0.92943865,-9.590521,1.5753751,-1
199,200,1566049085087,0.2737,0.7255,-0.32899999999999996,-0.5418079,-8.738156,-0.32377267,-1
200,201,1566049085097,-0.5548,0.44149998,-1.4862,-1.2826408,-9.855789,-1.0298324,-1
201,202,1566049085107,-1.2393999,-1.4799,-0.4143,-1.777982,-11.265036,0.13150871,-1
202,203,1566049085117,-0.75,-0.5963,0.3196,-0.60652786,-10.171508,-0.27431804,-1
203,204,1566049085128,0.2662,-0.46809998,-1.4442999,0.02333868,-10.359653,-1.4190242,-1
204,205,1566049085138,0.6931,-0.3988,-2.1726,0.27684635,-10.146004,-1.2386258999999997,-1
205,206,1566049085148,0.7563,-0.48589998,-1.2831,0.23678654,-10.291332,-0.29004318,-1
206,207,1566049085158,0.6942,-0.26909998,-0.21509999,0.38316804,-9.933017,0.60874015,-1
207,208,1566049085168,0.91999996,-0.101799995,0.3056,0.5028207,-9.87297,0.9199193000000001,-1
208,209,1566049085178,0.95989996,0.035299998,0.5397,0.34907459999999996,-9.772634,1.1100572,-1
209,210,1566049085189,0.77089995,-0.0534,0.6728,0.22748747,-9.839450999999999,1.1550204,-1
210,211,1566049085199,0.5106,-0.0349,0.64779997,-0.112824365,-9.904832,1.2731597,-1
211,212,1566049085209,0.2093,-0.12459999,0.8311,-0.46472412,-9.936713000000001,1.4574943,-1
212,213,1566049085219,-0.2501,-0.096999995,0.83169997,-0.92049396,-10.066192,1.5102433000000002,-1
213,214,1566049085229,-0.6203,-0.3543,0.9856,-1.3497264,-10.178450999999999,1.6289476999999999,-1
214,215,1566049085240,-0.9181,-0.38639998,0.9137,-1.4497658000000002,-10.099768,1.3397762,-1
215,216,1566049085249,-0.956,-0.23249999,0.4211,-1.4014028,-10.000763000000001,0.9987077,-1
216,217,1566049085259,-0.833,-0.2059,-0.123799995,-1.1013232,-9.924502,0.1787128,-1
217,218,1566049085269,-0.37629998,-0.070599996,-0.9503,-0.5591419,-9.758383,-0.40568309999999996,-1
218,219,1566049085280,0.1556,0.09559999400000001,-1.365,-0.21355320000000003,-9.711035,-0.68505776,-1
219,220,1566049085290,0.2866,-0.010199999,-1.3737,-0.19338445,-9.869521,-0.15291287,-1
220,221,1566049085300,0.23079999,-0.1043,-0.7123,-0.24309766,-9.904247,0.5189959,-1
221,222,1566049085310,0.11,-0.1779,0.33299999999999996,-0.5134892,-10.085431,1.8141154,-1
222,223,1566049085320,-0.0815,-0.34,1.31,-0.606978,-10.256558,2.16432,-1
223,224,1566049085330,-0.3394,-0.43469998,1.4901999,-0.71279216,-10.159747,1.302168,-1
224,225,1566049085340,-0.34600000000000003,-0.3346,0.603,-0.58515245,-10.098024,0.76009196,-1
225,226,1566049085351,-0.0689,-0.2652,0.121199995,0.022476764,-10.007715,0.44591528,-1
226,227,1566049085361,0.4197,-0.19659999,-0.1343,0.26122656,-9.979378,0.3084785,-1
227,228,1566049085371,0.59599996,-0.17719999,-0.2674,0.12525506,-10.028171,0.42020154,-1
228,229,1566049085381,0.38,-0.2561,-0.127,-0.037895422000000005,-10.046387,0.49671066,-1
229,230,1566049085391,0.2932,-0.2566,-0.0663,-0.07558974,-10.009191,0.4365779,d
230,231,1566049085401,0.266,-0.2078,-0.1294,-0.12731408,-10.006135,0.41187929999999995,-1
231,232,1566049085412,0.2004,-0.1688,-0.1512,-0.2028272,-10.02843,0.5664201999999999,-1
232,233,1566049085422,0.1449,-0.2669,0.026999999,-0.23063825,-9.824050999999999,0.53937536,-1
233,234,1566049085432,0.1281,-0.021499999,-0.015899998999999998,-0.2539769,-9.922108999999999,0.5580693,-1
234,235,1566049085442,0.1103,-0.17799999,0.0232,-0.25680205,-9.988341,0.5736412,-1
235,236,1566049085452,0.1496,-0.2067,0.0356,-0.24915978,-9.973094999999999,0.54503524,-1
236,237,1566049085462,0.109,-0.1372,0.0123,-0.22918256,-9.950484,0.4871626,-1
237,238,1566049085473,0.093399994,-0.2821,0.0132,-0.23747608,-10.110646000000001,0.51715714,-1
238,239,1566049085482,0.093399994,-0.2821,0.0132,-0.3339241,-9.96619,0.49297570000000007,-1
239,240,1566049085493,-0.023599999,-0.2599,0.0635,-0.36463693,-10.050475,0.5038741,-1
240,241,1566049085503,-0.023599999,-0.2599,0.0635,-0.43663535,-10.046042,0.48102388,-1
241,242,1566049085513,-0.0863,-0.23889999,0.08339999599999999,-0.3640623,-9.983036,0.46138182,-1
242,243,1566049085524,0.0372,-0.2461,0.0927,-0.2987964,-10.046482000000001,0.42668507,-1
243,244,1566049085534,0.0464,-0.2057,0.1226,-0.2828031,-10.059792999999999,0.45204443,-1
244,245,1566049085544,0.017099998999999998,-0.1751,0.1179,-0.3209571,-9.980871,0.35930264,-1
245,246,1566049085554,-0.0705,-0.22309999,0.2548,-0.3994103,-10.002763999999999,0.45592302,-1
246,247,1566049085564,-0.069699995,-0.2419,0.43429998,-0.40420827,-9.999977000000001,0.61552054,-1
247,248,1566049085575,0.030399999,-0.1629,0.5186,-0.29773334,-9.9885235,0.6177519,-1
248,249,1566049085585,0.0915,-0.2411,0.5577,-0.24914062,-10.054133,0.5850566999999999,-1
249,250,1566049085595,0.19139999,-0.2314,0.45319998,-0.12868355,-9.99765,0.40097132,-1
250,251,1566049085605,0.23189999,-0.2418,0.5108,-0.12065819,-10.050035000000001,0.42006750000000004,-1
251,252,1566049085615,0.2823,-0.2135,0.7801,-0.079171464,-10.022176,0.7575254,-1
252,253,1566049085625,0.28399998,-0.36249998,1.1343,-0.069230735,-10.166078,0.88881385,-1
253,254,1566049085636,0.45279998,-0.2377,2.0235999,0.16766116,-10.113558,1.7822247,-1
254,255,1566049085646,0.5039,-0.3687,2.9445,0.21764252,-10.117455999999999,3.0199884999999997,-1
255,256,1566049085656,0.7514,-0.39229998,4.0536,0.48795745,-10.237539,3.6062136,-1
256,257,1566049085666,0.7847,-0.22899999,4.8873,0.42045057,-10.147288,4.203021,-1
257,258,1566049085676,1.0807999,-0.48569998,4.2781,0.7756543,-10.126506,3.6402400000000004,-1
258,259,1566049085687,1.2494999,-0.309,3.1647,0.9981905000000001,-10.252709,1.9176981,-1
259,260,1566049085697,1.4526,-0.1305,1.9664999,1.0656976,-9.819416,0.8728493,-1
260,261,1566049085707,1.4261999,-0.2553,0.608,1.1046273000000002,-10.122465,-0.47024035,-1
261,262,1566049085717,1.4196,-0.4684,-0.7531,1.3542275,-9.961469000000001,-1.4658835,-1
262,263,1566049085728,1.8772,-0.13319999,-1.2404,1.7832111000000002,-9.942708,-1.9534387999999998,-1
263,264,1566049085738,2.5335,0.19139999,-1.4986,2.0752653999999997,-10.046606,-2.512188,-1
264,265,1566049085748,2.6279,-0.24939999,-2.0159,2.493408,-9.885056,-2.1907136,-1
265,266,1566049085758,3.3516998,-0.1122,-1.6973,3.194976,-9.408667,-1.4974391000000002,-1
266,267,1566049085768,3.0530999,-0.3382,-1.4587,2.6066057999999996,-10.193448,-1.7471926,-1
267,268,1566049085778,2.983,-0.06359999599999999,-0.9801,2.5754142000000004,-9.721531,-0.99015564,-1
268,269,1566049085789,2.7384,-0.0438,-0.625,2.2636602000000003,-10.067311,-1.3375639,-1
269,270,1566049085799,2.5621,-0.2095,-0.9932,2.3125691,-9.630361,-1.5256045,-1
270,271,1566049085809,2.4943,0.12539999,-1.3774998999999999,1.9386903999999998,-9.929511,-2.2270482000000005,-1
271,272,1566049085820,2.2089,0.0,-2.3959,1.8592509,-9.872338000000001,-3.2713895,-1
272,273,1566049085830,2.0314,-0.0175,-3.1769,1.6059252,-9.713123,-3.8914684999999998,-1
273,274,1566049085840,1.6861,0.013599999,-3.8026998,0.9834326999999999,-9.824531,-4.39404,-1
274,275,1566049085850,0.7891,-0.1417,-4.4172997,-0.28256370000000003,-10.00783,-5.0082005999999994,-1
275,276,1566049085861,-0.2545,-0.2191,-4.9873,-0.75836813,-9.919178,-5.22615,-1
276,277,1566049085871,-0.7929999999999999,-0.16939999,-5.2254996,-1.4339161,-10.133172,-5.2504654,-1
277,278,1566049085881,-1.2876999,-0.2573,-5.1797,-1.4178079,-9.977883,-5.187689,-1
278,279,1566049085892,-1.1992999,-0.1592,-5.1542997,-1.6801453999999998,-10.043054,-5.1166863,-1
279,280,1566049085901,-1.5605999,-0.2573,-5.062999700000001,-1.9848316000000004,-10.002410000000001,-4.8891993,-1
280,281,1566049085911,-2.042,-0.12,-4.7388,-2.9453373,-10.087241,-3.9913160000000003,-1
281,282,1566049085921,-2.7498999,-0.18859999,-3.8212,-3.2608645,-9.980958,-3.3693410000000004,-1
282,283,1566049085931,-3.0449998,-0.1689,-3.3643,-3.8261068,-10.128325,-3.1093592999999995,-1
283,284,1566049085941,-3.6745,-0.3356,-3.0595999,-4.032525,-10.066075999999999,-3.341214,-1
284,285,1566049085951,-3.8121,-0.1493,-3.7498,-4.5456505,-10.39886,-3.7114437000000007,-1
285,286,1566049085961,-4.5473,-0.7084,-3.9192998,-4.4340806,-9.862071,-4.535096599999999,-1
286,287,1566049085972,-4.718,-0.2277,-2.6724,-4.876692,-10.034271,-3.0506917999999996,-1
287,288,1566049085982,-4.838,0.0273,-1.1952,-5.0525417,-9.78151,-1.193318,-1
288,289,1566049085992,-4.838,0.0273,-1.1952,-5.200991,-10.041358,0.524311,-1
289,290,1566049086002,-4.9839,-0.3649,1.0659,-4.4786897,-10.160953999999998,2.8381060000000002,-1
290,291,1566049086012,-4.262,-0.3455,2.8634999,-3.0616765,-9.487858000000001,2.756368,-1
291,292,1566049086023,-2.6892998,-0.041699997999999995,3.0044,-3.2065446,-9.721091,2.5215349999999996,-1
292,293,1566049086033,-2.9659998,0.0854,2.4803998,-3.1764257000000002,-10.131141,2.0481727,-1
293,294,1566049086043,-3.2194998,-0.396,1.1032,-3.4657218000000003,-10.20176,1.2550501,-1
294,295,1566049086053,-3.5656,-0.5142,1.4311999,-3.7219875,-10.346946,1.9553254,-1
295,296,1566049086063,-3.4506997999999998,-0.1515,0.2527,-3.682943,-9.967474000000001,0.45552079999999995,-1
296,297,1566049086073,-3.4506997999999998,-0.1515,0.2527,-3.3113437000000006,-9.791959,1.8023837999999999,-1
297,298,1566049086084,-2.9879,-0.13149999,2.5119,-2.7274267999999995,-9.086541,4.626297,-1
298,299,1566049086094,-2.9675,-0.6892,6.518399700000001,-3.1054711,-10.456552,6.3738627,-1
299,300,1566049086104,-3.0843,-0.1299,6.311899700000001,-3.323085,-9.947181,6.295075,-1
300,301,1566049086114,-3.4907,-0.31649998,6.3789,-3.8191059000000003,-10.153244,6.312399,-1
301,302,1566049086124,-3.8530998,-0.4052,6.2566,-4.0790396,-10.223998,6.1332455,-1
302,303,1566049086135,-4.3413997,-0.1313,6.2461996,-4.6862379999999995,-9.813258,6.10306,-1
303,304,1566049086145,-4.2865,-0.0733,6.013099700000001,-4.5492225,-9.892497,5.8567634,-1
304,305,1566049086155,-2.6699998,-0.44689998,5.3589,-2.6722642999999997,-10.228192,5.1238885000000005,-1
305,306,1566049086165,-1.4727,-0.15359999,4.5908,-1.8109359,-9.964696,4.456567,-1
306,307,1566049086175,-2.1434999,-0.28149998,3.2760000000000002,-2.8103043999999997,-9.888657,3.070506,-1
307,308,1566049086185,-2.8945,-0.0071,2.3529,-3.2777195,-9.813824,2.3116209999999997,-1
308,309,1566049086196,-2.7536,-0.5959,0.6982,-2.964242,-10.458639999999999,0.34175792,-1
309,310,1566049086206,-2.3864,-0.21419999,-0.032199997,-2.4160367999999997,-9.947823,-0.31077695,-1
310,311,1566049086216,-1.6554999,-0.0976,-0.8567,-1.7795526000000002,-10.060713,-1.0130825,-1
311,312,1566049086226,-0.8964,-0.26549998,-1.9298999,-1.1560258999999997,-10.194444,-1.9278302999999999,-1
312,313,1566049086236,-0.6505,-0.33519998,-2.1984,-0.732846,-10.191925,-1.9602191000000002,-1
313,314,1566049086247,-0.2455,-0.042099997,-1.8018,-0.34189200000000003,-10.049154,-1.5340608,-1
314,315,1566049086257,0.5901,-0.2197,-1.5109,0.02162443,-9.986138,-1.239373,-1
315,316,1566049086267,0.4238,-0.49539998,-1.5189999,-0.48091853,-10.175951,-1.3055582000000001,-1
316,317,1566049086277,0.2269,-0.55579996,-2.165,-0.19464861,-10.358245,-1.9996468999999997,-1
317,318,1566049086287,0.0437,-0.26389998,-2.9682,-0.11655932,-10.174017,-3.084163,-1
318,319,1566049086298,0.95239997,-0.5414,-4.5045,1.1117237,-10.242844999999999,-4.8634853,-1
319,320,1566049086308,0.9917,-0.2017,-5.6495,0.66443884,-10.178096,-5.744686,-1
320,321,1566049086318,2.5472,-0.48959997,-6.995,3.037131,-10.208733,-7.006075999999999,-1
321,322,1566049086328,2.7412,-0.0317,-7.5038996,1.9191922,-9.931168,-6.950023,-1
322,323,1566049086338,3.3541,-0.58239996,-7.3873,3.4349422,-10.29115,-6.9159679999999994,-1
323,324,1566049086348,3.6766998999999996,-0.3576,-7.500099700000001,2.696666,-10.084961999999999,-6.8657565,-1
324,325,1566049086359,3.3428,-0.5338,-7.0632997,2.7260953999999997,-10.359346,-5.9007783,-1
325,326,1566049086369,2.8537,-0.57229996,-6.0301,2.797232,-10.617499,-4.9862795,-1
326,327,1566049086379,3.3255,-0.542,-4.7682,0.69357145,-10.364997,-4.7932396,-1
327,328,1566049086389,2.0516999,-1.1298,-5.4221,1.4580976,-10.916927000000001,-4.816454,-1
328,329,1566049086400,1.6456,-0.9044,-5.2304,1.3354378999999998,-10.826905,-4.6343513,-1
329,330,1566049086410,2.294,-1.0126,-4.7606,1.9471657999999998,-10.617902,-3.5858727,-1
330,331,1566049086421,3.2006,-1.0919,-3.3511,1.5371445,-10.149682,-3.0852258,-1
331,332,1566049086431,2.0119998,-0.377,-4.5127997,2.0780234,-10.5869875,-3.2435975,-1
332,333,1566049086441,2.4938998,-0.525,-3.4641,1.9236932,-10.230356,-3.0086207000000003,-1
333,334,1566049086451,2.6518,-0.18259999,-2.7842999,2.5119486,-9.776484,-1.3396611999999999,-1
334,335,1566049086461,3.6936,-0.0758,-1.3917999,3.5861117999999994,-9.916027,0.19132544,-1
335,336,1566049086471,4.5262,-0.028199999,0.33519998,2.6276843999999997,-8.675983,0.09052955,-1
336,337,1566049086482,4.642299700000001,-0.0098,2.3787,3.7787974,-9.787027,2.361296,-1
337,338,1566049086492,4.642299700000001,-0.0098,2.3787,2.8898783,-9.501964,1.7893403,-1
338,339,1566049086502,3.5033,0.32389998,1.8345,2.1170297000000002,-9.659292,2.3341648999999998,-1
339,340,1566049086512,2.9524999,0.118599996,2.5138,2.0624228,-10.595827,3.30962,-1
340,341,1566049086523,1.9017998999999999,0.1586,3.3571,1.1225454,-9.620573,3.0206206,-1
341,342,1566049086533,1.9017998999999999,0.1586,3.3571,0.9478549000000001,-10.285596,4.039937999999999,-1
342,343,1566049086543,1.0905,-1.0596,5.7051997000000005,0.3658532,-10.838752000000001,5.2142553,-1
343,344,1566049086554,0.7033,-0.3651,5.7033,-0.016156072,-10.238937,5.405073000000001,-1
344,345,1566049086564,0.3665,-1.2409999,7.0729,-0.33046687,-11.00922,6.44726,-1
345,346,1566049086574,0.31579998,-0.86109996,7.3591,-0.3305435,-10.499389,6.7366037,-1
346,347,1566049086584,0.3581,-0.5001,7.2444,-0.31909922,-10.27328,6.535183999999999,-1
347,348,1566049086594,0.8533,-0.1282,6.9455,0.27096617,-9.636202,6.139556400000001,-1
348,349,1566049086604,0.8878,0.2258,6.0512,0.2412685,-9.546209,5.3379970000000005,-1
349,350,1566049086614,0.94659996,0.2091,4.959,0.35986766,-9.118959,4.360856500000001,-1
350,351,1566049086624,0.18349999,0.3699,4.8959,-0.39375040000000006,-9.40972,4.2112665,-1
351,352,1566049086634,-0.701,-0.0075,4.1879,-1.4075512,-10.324085,3.147389,-1
352,353,1566049086644,-1.2129999,-0.8559,3.5414999,-1.6733077,-10.643539,2.8973193,-1
353,354,1566049086654,-2.7816,-1.1264,4.303,-3.608828,-11.395605,3.500639,-1
354,355,1566049086665,-5.3922,-2.6524,3.1822999,-6.423403700000001,-12.420439,2.8238554,-1
355,356,1566049086675,-5.6338,-1.2766,5.1566997,-5.5535426,-10.684566,4.9917097,-1
356,357,1566049086685,-4.4391,-0.5481,5.6783,-4.448446,-10.339159,4.655123000000001,-1
357,358,1566049086695,-3.8806998999999998,-0.4261,4.0608,-4.095253,-10.200372,3.2728927000000003,-1
358,359,1566049086705,-3.5421,-0.2843,1.6560999,-3.8081120000000004,-10.011747,0.26068070000000004,-1
359,360,1566049086716,-3.2078,-0.15349999,-1.4453,-3.3762937000000006,-9.986694,-2.223495,-1
360,361,1566049086726,-2.4682999,0.1809,-3.9262998,-2.5647552000000005,-9.64306,-4.7453650000000005,-1
361,362,1566049086736,-0.61179996,-0.6336,-6.714299700000001,-0.8704168,-9.997296,-6.768542299999999,-1
362,363,1566049086746,-0.30179998,0.1007,-7.7124,-0.3407428,-10.108243,-8.16032,-1
363,364,1566049086756,-0.30179998,0.1007,-7.7124,-0.4014023,-9.844066999999999,-8.348467,-1
364,365,1566049086767,-0.53819996,0.1994,-7.1619,-1.031719,-10.055149,-6.671241800000001,-1
365,366,1566049086777,-0.7037,-0.56439996,-6.2236,-1.1454245,-10.106088,-5.659404299999999,-1
366,367,1566049086787,-1.4713,-0.62299997,-4.2574997,-1.7906234,-10.433251,-4.374235,-1
367,368,1566049086797,-1.6376,-0.5456,-2.9461,-1.8238836999999999,-10.239684,-2.9321308,-1
368,369,1566049086808,-1.0094,-0.1068,-1.4726,-1.1197968999999999,-9.913306,-1.3846626,-1
369,370,1566049086817,-0.60139996,-0.0999,-0.55799997,-0.84173423,-9.889164,-0.7947983000000001,-1
370,371,1566049086827,-0.3412,-0.10229999599999999,-0.21059999,-0.5997188,-9.930287,-0.7659434,-1
371,372,1566049086837,-0.23959999,-0.083799995,-0.4227,-0.45447692,-9.840878,-1.0473291999999998,-1
372,373,1566049086847,-0.12,-0.0839,-0.6587,-0.49112737,-9.947142,-1.182343,-1
373,374,1566049086857,-0.0897,-0.1321,-0.7255,-0.41234857,-9.984051,-1.0490146999999999,-1
374,375,1566049086867,-0.020499998999999998,-0.17999999,-0.57739997,-0.34473634,-9.955722999999999,-0.98156524,-1
375,376,1566049086878,-0.0005999999700000001,-0.14919999,-0.524,-0.3342018,-9.963384,-0.8745731,-1
376,377,1566049086888,-0.0596,-0.1969,-0.5413,-0.36520198,-9.994825,-0.91309106,-1
377,378,1566049086898,0.0176,-0.1369,-0.58629996,-0.28393316,-10.001510000000001,-0.8340728000000001,-1
378,379,1566049086908,0.0357,-0.2242,-0.489,-0.28228596,-9.970241999999999,-0.4913189,-1
379,380,1566049086918,0.063099995,-0.2039,-0.100999996,-0.23564692,-9.990582,-0.28054297,-1
380,381,1566049086928,0.0994,-0.174,-0.0995,-0.22331198,-10.021602,-0.28401935,-1
381,382,1566049086938,0.0964,-0.2226,-0.0865,-0.22209573,-10.0504,-0.27536193,-1
382,383,1566049086948,0.0742,-0.23199999999999998,-0.0532,-0.23094471,-10.006796000000001,-0.23674825,-1
383,384,1566049086958,0.091299996,-0.2022,-0.0191,-0.21804474,-10.032318,-0.18016848,-1
384,385,1566049086968,0.089099996,-0.2215,-0.011899999,-0.22490174,-10.033391,-0.17822438,-1
385,386,1566049086978,0.0968,-0.22129999,-0.0106,-0.21222204,-10.044184,-0.16441461,-1
386,387,1566049086989,0.0852,-0.22119999,0.035299998,-0.21023005,-10.037969,-0.16549679999999997,-1
387,388,1566049086999,0.1426,-0.25059998,-0.0117,-0.16865715,-10.051366,-0.18894082,-1
388,389,1566049087009,0.10349999,-0.22129999,-0.035,-0.20482875,-10.0749445,-0.19945616,-1
389,390,1566049087019,0.0853,-0.2705,-0.0066,-0.19949447,-10.065425,-0.1821796,-1
390,391,1566049087029,0.10789999,-0.28059998,0.0246,-0.18687224,-10.122541,-0.2236759,d
391,392,1566049087040,0.122499995,-0.30069998,-0.048,-0.15998057,-10.022138,-0.26685770000000003,-1
392,393,1566049087050,0.2568,-0.3111,-0.1855,0.18016848,-10.271394,-0.6151565999999999,-1
393,394,1566049087060,0.45189998,-0.53749996,-0.3674,0.13656527,-10.044116,-0.49383762,-1
394,395,1566049087070,0.4025,-0.1758,-0.1108,-0.0519446,-10.438825999999999,0.0259723,-1
395,396,1566049087080,0.23889999,-0.7069,0.49469998,-0.15384182,-10.519480999999999,0.5212846999999999,-1
396,397,1566049087091,0.1677,-0.81659997,1.2089,-0.51834464,-10.961679,1.7150433,-1
397,398,1566049087101,-0.2886,-1.4363999,2.3665,-1.0266242,-12.042173,2.6634824,-1
398,399,1566049087111,-0.6171,-2.7719,3.3367,0.10579498,-13.051081,2.9783487,-1
399,400,1566049087121,0.9295,-3.2242,3.304,2.6673512,-12.289169000000001,2.5825105,-1
400,401,1566049087131,3.1676998,-2.4891999,2.8737,4.1295767,-11.3681,1.8417541000000002,-1
401,402,1566049087142,4.9639997000000005,-1.3514999,1.7845999,5.3638735,-10.095381,0.37044045,-1
402,403,1566049087152,5.9206,-0.3013,0.47239998,5.396732,-9.607903,-0.35082716,-1
403,404,1566049087162,5.8437,0.2886,-0.4509,4.3414345,-9.377169,-0.5673491999999999,-1
404,405,1566049087172,3.3774998,0.3619,-0.1734,3.2292992999999997,-9.439389,-0.10122684400000001,-1
405,406,1566049087182,2.136,0.47129998,0.23449999,1.8244871,-9.3291025,0.51736784,-1
406,407,1566049087192,1.2758,0.8147,-0.1665,1.1854459,-9.055589,0.28532179999999996,-1
407,408,1566049087203,0.75689995,1.3333,-0.87619996,0.6248483,-8.472132,-0.46187982,-1
408,409,1566049087213,0.75689995,1.3333,-0.87619996,0.50549257,-8.01482,-0.80981475,-1
409,410,1566049087223,0.3076,2.2605,-1.5640999,0.30694622,-7.541247,-1.0348601,-1
410,411,1566049087233,-0.012499999,2.1606,-1.7131,-0.04306689599999999,-7.781491,-1.2048676999999999,-1
411,412,1566049087243,-0.3287,1.6103,-1.6207,-0.26374528,-8.190161999999999,-1.0468599,-1
412,413,1566049087253,-0.369,1.2078999,-1.2508999,-0.28421092,-8.6385765,-0.5459163,-1
413,414,1566049087264,-0.33339998,1.1197,-0.85569996,-0.23006363,-8.6826105,-0.27807218,-1
414,415,1566049087274,-0.4019,1.208,-0.75549996,-0.35247436,-8.607174,-0.17119499,-1
415,416,1566049087284,-0.80259997,1.1294,-0.8347,-0.6860824999999999,-8.672651,-0.26348668,-1
416,417,1566049087294,-1.4491,0.8545,-0.965,-1.4435121000000002,-9.013297999999999,-0.38713285,-1
417,418,1566049087304,-2.1434999,0.3737,-0.82979995,-2.0105548,-9.431488,-0.25510700000000003,-1
418,419,1566049087315,-2.7646,-0.23429999,-0.5851,-2.7318225,-10.153943,0.055890244000000006,-1
419,420,1566049087325,-3.2208997999999998,-0.83239996,-0.2809,-3.0927916,-10.622565,0.31289342,-1
420,421,1566049087335,-3.3402,-1.1263,0.0131,-3.219895,-10.974427,0.6491925999999999,-1
421,422,1566049087345,-3.2013998,-1.3026999,0.1281,-3.0539286,-11.185816,0.72257006,-1
422,423,1566049087355,-2.8943,-1.5381,0.1717,-2.7728112,-11.365811,0.8153789,-1
423,424,1566049087366,-2.3829,-1.6854999,0.3109,-2.1439692999999997,-11.39799,0.9478165999999999,-1
424,425,1566049087376,-1.6436,-1.4018999,0.3784,-1.577166,-11.110033999999999,0.9950398000000001,-1
425,426,1566049087386,-1.0056,-0.8933,0.37359998,-0.9648633,-10.517249000000001,0.97181606,-1
426,427,1566049087396,-0.6216,-0.4341,0.1881,-0.73765355,-10.143044,0.8131666999999999,-1
427,428,1566049087406,-0.5133,-0.1125,-0.18769999,-0.74762297,-9.774549,0.253862,-1
428,429,1566049087417,-0.6598,0.0815,-0.7701,-1.0035056999999998,-9.657558,-0.42099643,-1
429,430,1566049087428,-0.8832,0.19759999,-1.3383,-1.1821035,-9.511905,-0.71150887,-1
430,431,1566049087438,-1.0332,0.3929,-1.5044999,-2.2214169999999998,-10.881034,-0.76290756,-1
431,432,1566049087448,-2.9998999,-3.2157,-1.2264,-1.9589357,-16.683966,0.2377538,-1
432,433,1566049087458,0.6624,-0.9887,0.3789,0.86306185,-9.044450999999999,1.0950983,-1
433,434,1566049087468,0.49749997,0.5710000000000001,0.1989,-0.35926434,-10.054775,0.7323767,-1
434,435,1566049087479,-0.1706,-0.5464,-0.0015,0.004960786,-9.9062395,0.7964935000000001,-1
435,436,1566049087489,0.2839,0.072399996,0.1522,0.042530596,-9.717911,0.82842255,-1
436,437,1566049087499,-0.491,-0.2606,-0.1753,-0.9125356,-10.030594,0.44031283,-1
437,438,1566049087509,-0.5847,-0.1131,-0.2015,-0.5922585,-10.040649,0.3617543,-1
438,439,1566049087519,-0.28239998,-0.2601,-0.3381,-0.45933240000000003,-10.024542,0.17542794,-1
439,440,1566049087529,-0.1753,-0.27989998,-0.5755,-0.34275392,-9.9575615,0.16494134,-1
440,441,1566049087540,-0.0392,-0.16219999,-0.44939998,-0.25523147,-9.955149,0.42526767,-1
441,442,1566049087550,-0.0109,-0.2014,-0.12529999,-0.21825543,-10.009171,0.57687813,-1
442,443,1566049087560,0.025799999,-0.1915,-0.0958,-0.22715229,-9.954621000000001,0.60043705,-1
443,444,1566049087570,0.003,-0.18169999,-0.0865,-0.2257828,-9.978639999999999,0.63478905,-1
444,445,1566049087580,0.009099999000000001,-0.2503,-0.048699997,-0.28187415,-10.081610000000001,0.66935176,-1
445,446,1566049087590,-0.0632,-0.2014,0.0177,-0.31231883,-9.937287,0.68998975,-1
446,447,1566049087601,-0.085099995,-0.16229999,-0.015099999499999999,-0.31107384,-10.004545,0.59573483,-1
447,448,1566049087611,-0.0382,-0.2214,-0.1278,-0.25751078,-10.012073,0.54334015,-1
448,449,1566049087621,-0.0206,-0.2021,-0.10349999,-0.26556486,-9.934242,0.57568103,-1
449,450,1566049087631,-0.0323,-0.17289999,-0.0976,-0.271196,-9.994710000000001,0.56121045,-1
450,451,1566049087641,-0.023699999,-0.25149998,-0.12979999,-0.19542432,-9.996157,0.61581737,-1
451,452,1566049087651,0.035,-0.20269999,-0.0736,-0.12372277,-9.937861999999999,0.60122234,-1
452,453,1566049087662,0.113699995,-0.1343,-0.096099995,-0.14437036,-9.978898,0.6214581,-1
453,454,1566049087672,0.0843,-0.18349999,-0.0799,-0.14822981,-9.987863,0.59945065,-1
454,455,1566049087682,0.074499995,-0.1936,-0.0735,-0.13487016,-9.964428,0.6249441,-1
455,456,1566049087692,0.0938,-0.1742,-0.077,-0.14060667,-9.990228,0.56930286,-1
456,457,1566049087702,0.0938,-0.2137,-0.0997,-0.15149552,-9.980134,0.604919,-1
457,458,1566049087713,0.0843,-0.1651,-0.1064,-0.15312357,-9.936338000000001,0.6299623000000001,-1
458,459,1566049087723,0.11409999400000001,-0.1556,-0.110599995,-0.11604217,-9.94877,0.61055976,-1
459,460,1566049087733,0.1441,-0.1952,-0.115899995,-0.1079785,-9.986578999999999,0.60673857,-1
460,461,1566049087743,0.056599997,-0.1859,-0.0729,-0.1732636,-9.973172,0.65213263,-1
461,462,1566049087753,0.0381,-0.2453,-0.0209,-0.20480002,-10.005073,0.74313146,-1
462,463,1566049087764,0.0405,-0.2066,0.0316,-0.19230227,-9.997334,0.77047324,d
463,464,1566049087774,0.073199995,-0.1481,-0.0209,-0.17666335,-9.971621,0.73475176,-1
464,465,1566049087784,0.0563,-0.2559,-0.049399998,-0.18928558,-10.045228,0.6940791000000001,-1
465,466,1566049087794,0.0389,-0.12799999,0.0064,-0.21627302,-9.828888000000001,0.7330566999999999,-1
466,467,1566049087804,0.0221,-0.2546,0.0099,-0.22393447,-10.0402565,0.7313041,-1
467,468,1566049087815,0.054199997,-0.2434,-0.0201,-0.1936526,-10.004009,0.63892627,-1
468,469,1566049087825,0.0563,-0.15339999,-0.1803,-0.19396864,-9.945188499999999,0.49832913,-1
469,470,1566049087835,0.0563,-0.15339999,-0.1803,-0.14389153,-9.971716,0.5332845,-1
470,471,1566049087845,0.0889,-0.30589998,-0.042799998,-0.16019125,-10.036024000000001,0.67219603,-1
471,472,1566049087855,0.14909999,-0.1171,0.1854,-0.08470686,-9.887917999999999,0.75547594,-1
472,473,1566049087865,0.2889,-0.17359999,0.2105,0.15923357,-10.008471499999999,0.79714465,-1
473,474,1566049087876,0.5268,-0.16149999,0.48279998,0.32677979999999995,-9.9265995,1.0865366,-1
474,475,1566049087886,0.6558,-0.0319,1.0007,0.41282743,-9.841625,1.4292521,-1
475,476,1566049087896,0.62689996,-0.118499994,1.1213,0.3679888,-9.941003,1.498186,-1
476,477,1566049087906,0.6367,-0.1662,1.1163,0.38909608,-9.921389999999999,1.4162756,-1
477,478,1566049087916,0.5882,-0.0967,0.9453,0.3275555,-9.897525,1.1727949,-1
478,479,1566049087926,0.5008,-0.1551,0.48029998,0.30240682,-10.017799,0.6483211,-1
479,480,1566049087937,0.6207,-0.19409999,0.057699997,0.38002685,-9.957398,0.39362592,-1
480,481,1566049087947,0.6433,-0.105799995,-0.12239999,0.36444540000000003,-9.876168,0.10885957,-1
481,482,1566049087957,0.4693,-0.1646,-0.4037,-0.04178361,-10.065319,-0.34486082,-1
482,483,1566049087967,0.0188,-0.3312,-0.8724,-0.30533734,-10.105628999999999,-0.77511805,-1
483,484,1566049087978,-0.0287,-0.2331,-1.2516999,-0.40128735,-9.94062,-1.1197681000000002,-1
484,485,1566049087988,-0.2717,-0.1938,-1.5417999,-0.7608294,-10.088706,-1.5185273000000001,-1
485,486,1566049087998,-0.67329997,-0.3409,-2.0398,-1.0062829,-10.115003999999999,-1.9977793999999998,-1
486,487,1566049088008,-0.80799997,-0.3312,-2.3251,-1.1023383999999998,-10.125922000000001,-2.0120392,-1
487,488,1566049088018,-0.73289996,-0.3315,-1.8707999,-0.5244260000000001,-10.0197525,-1.1178241000000002,-1
488,489,1566049088029,0.021499999,-0.1068,-1.3306,-0.07202716,-9.857042999999999,-1.2002324,-1
489,490,1566049088039,0.2847,-0.1083,-1.9188999,-0.06261316,-9.987815,-2.1260988999999997,-1
490,491,1566049088049,0.1616,-0.23809999,-2.9952998,-0.4401213,-10.064486500000001,-3.049648,-1
491,492,1566049088059,-0.28779998,-0.6138,-3.6718998,-1.0299473,-10.224572,-4.045799,-1
492,493,1566049088069,-1.0222,-0.48049998,-5.0032997,-1.2816066000000002,-10.693261999999999,-4.262589,-1
493,494,1566049088079,-1.2148,-0.583,-5.8220997,-1.3820099,-10.709522,-5.886432,-1
494,495,1566049088091,-0.76629996,-1.1365,-7.178499700000001,-1.8373869999999999,-10.28755,-8.135181,-1
495,496,1566049088099,-1.4368,-0.649,-8.8146,-1.5059146,-10.705721,-7.40698,-1
496,497,1566049088110,-0.7944,-0.9528,-7.4263,-1.4519396999999998,-10.079597999999999,-6.236627599999999,-1
497,498,1566049088119,-1.2039,-0.15519999,-6.4669,-1.0445902,-10.235088000000001,-4.2551760000000005,-1
498,499,1566049088129,-0.4335,-0.4441,-4.1686997,-1.084535,-10.082088,-1.8289689999999998,-1
499,500,1566049088139,-0.5633,-0.5363,-1.8321999,-1.5126088,-9.461741,-0.9451733,-1
500,501,1566049088149,-1.1309,-0.17819999,-0.2688,-1.4118511999999999,-10.375886,1.0650079,-1
501,502,1566049088160,-1.6487,0.0116,1.0372,-1.5766585,-10.583445,2.0627198,-1
502,503,1566049088170,-1.5258,-0.1432,1.6103,-0.76011115,-10.340452,1.5644385,-1
503,504,1566049088180,-0.34600000000000003,-0.5737,1.0984,-0.71715915,-10.052294999999999,0.76397055,-1
504,505,1566049088190,-0.4195,-0.2006,0.375,-0.8517995,-10.112936,0.72562504,-1
505,506,1566049088200,-0.4913,-0.5828,0.69119996,-0.6321363,-9.928811,0.89209867,-1
506,507,1566049088210,-0.4919,0.0255,0.4497,-0.8117972,-9.89173,1.3086132,-1
507,508,1566049088220,-0.55439997,-0.0229,1.4366,-0.7743135,-9.965529,2.664986,-1
508,509,1566049088230,-0.51879996,0.046099997999999996,2.9222999,-0.81852007,-9.779817,4.302543599999999,-1
509,510,1566049088240,-0.5861,-0.012399998999999998,4.6556,-1.0802543,-10.116287,6.038799299999999,-1
510,511,1566049088251,-1.0023999,-0.51269996,6.754699700000001,-1.4964813999999997,-10.287971,7.8130465,-1
511,512,1566049088260,-1.1944,-0.317,7.8431997,-1.4002344999999998,-10.163329,7.887649499999999,-1
512,513,1566049088270,-1.2241,-0.2978,8.1912,-1.3829388999999999,-10.119199,7.648076,-1
513,514,1566049088280,-1.1428,-0.26839998,7.757899799999999,-1.2093112,-10.13885,7.5319285,-1
514,515,1566049088290,-0.84239995,-0.2582,7.5348997,-0.22649148,-9.963431,5.6305013,-1
515,516,1566049088301,0.17379999,-0.18879999,4.5043,-0.7114418,-10.125376,1.1515727,-1
516,517,1566049088311,-1.0565,-0.3743,0.376,-1.9969653000000003,-10.248275999999999,0.35356614,-1
517,518,1566049088321,-2.112,-0.42279997,0.43449998,-2.8774377999999996,-10.198993,0.41780734,-1
518,519,1566049088331,-3.2213,-0.40289998,0.6326,-3.9185227999999994,-10.153828,1.0211654000000001,-1
519,520,1566049088341,-3.9396,-0.3442,1.2311,-4.2626557,-10.026726,1.8808943999999999,-1
520,521,1566049088352,-4.2088,-0.2077,2.0547,-4.1145988,-9.939998,2.5533776,-1
521,522,1566049088361,-4.0143,-0.1013,2.9657,-3.8280317999999998,-10.059018,2.7456607999999996,-1
522,523,1566049088371,-3.7112,-0.6228,2.7944999,-3.612161,-10.04471,3.0069642000000005,-1
523,524,1566049088381,-3.616,-0.2226,3.3371,-3.6114616,-9.992650999999999,2.75768,-1
524,525,1566049088392,-3.5553,-0.1849,3.1485,-3.5824152999999996,-10.664703,1.9643370999999998,-1
525,526,1566049088402,-3.4557998,-0.7446,2.4097,-3.4982352,-10.32692,1.7474703999999999,-1
526,527,1566049088412,-4.0717,-0.64629996,1.3109,-4.1026564,-11.183757,0.44910434,-1
527,528,1566049088422,-4.0717,-0.64629996,1.3109,-4.406576,-9.536441,1.3623295,-1
528,529,1566049088432,-4.5996,-0.7140000000000001,0.9429,-5.0899005,-9.715593,0.7262284000000001,-1
529,530,1566049088442,-4.9571,-0.2507,-0.2463,-5.1002529999999995,-10.058108,-0.56331736,-1
530,531,1566049088453,-4.9571,-0.2507,-0.2463,-4.751427,-10.216327,-1.0251014,-1
531,532,1566049088463,-1.9741999,-0.6127,-1.4003999,-2.2019665,-10.425474000000001,-1.6190166000000001,-1
532,533,1566049088473,-1.9741999,-0.6127,-1.4003999,-0.2250837,-10.111844,-1.8346097,-1
533,534,1566049088483,-2.2426,0.13229999,-1.2925,-2.5263999,-9.679346,-1.4621773,-1
534,535,1566049088493,-0.7912,-0.30879998,-2.1801999,-1.7690468999999998,-10.040505,-2.1280622000000005,-1
535,536,1566049088504,-1.1421,0.034199997999999995,-1.9911,-1.4365689,-9.77225,-2.1201327,-1
536,537,1566049088514,0.089099996,-0.3188,-2.2779999,-0.02420059,-10.139904,-2.4133362999999997,-1
537,538,1566049088524,0.6062,-0.3091,-2.2421,0.3088616,-10.11645,-2.3510869,-1
538,539,1566049088534,0.7338,-0.0349,-2.2402,0.61324126,-10.000484,-2.3610275,-1
539,540,1566049088544,1.6539999,-0.113699995,-1.9276999,1.4875079,-9.848415,-1.8164137999999999,-1
540,541,1566049088555,3.1848998,-0.1926,-1.5748,2.9156206,-9.828495,-1.7999798999999999,-1
541,542,1566049088564,3.2337,0.0618,-1.5088999,2.9079493999999997,-9.745378,-1.6564237000000002,-1
542,543,1566049088574,3.0495,0.2677,-1.8002,2.7999997000000003,-9.556159,-1.9494069,-1
543,544,1566049088584,3.4761,0.0423,-2.5541,3.1499457000000004,-9.761275,-2.6943194999999998,-1
544,545,1566049088594,4.8747997000000005,-0.48709998,-3.0223,3.994218,-9.936474,-2.961072,-1
545,546,1566049088604,4.0088,-0.35959998,-2.602,3.6932476000000003,-10.161346,-2.7563102,-1
546,547,1566049088615,3.9289,-0.37939999,-2.2965,3.8839601999999998,-10.223749,-2.5080411,-1
547,548,1566049088625,3.5277,0.0026999997999999996,-1.6934999,3.1999272999999997,-9.800778999999999,-1.8743246999999998,-1
548,549,1566049088635,3.6158997999999998,-0.1445,-1.3953999,3.3778644,-9.947811999999999,-1.5596596,-1
549,550,1566049088645,3.6269998999999995,-0.0075,-1.2787,3.2039877999999997,-9.748280000000001,-1.4018339,-1
550,551,1566049088655,3.695,-0.085999995,-1.2456,3.3188138,-9.868421000000001,-1.4292618000000001,-1
551,552,1566049088665,3.2498,-0.0466,-1.2670000000000001,2.847922,-9.951959,-1.4807945,-1
552,553,1566049088676,2.6738,-0.1345,-1.2418,2.166312,-10.052984,-1.4124545,-1
553,554,1566049088686,2.0081,-0.3303,-0.9816,1.6987531000000002,-10.116383,-1.0478559,-1
554,555,1566049088696,2.1704,-0.2516,-0.70269996,1.9001629,-10.036292,-0.87304085,-1
555,556,1566049088706,2.3358998,-0.11409999400000001,-0.5733,2.0355694,-9.921581,-0.7086358,-1
556,557,1566049088716,2.2668998,-0.094299994,-0.48749998,1.9420041000000001,-9.903989,-0.6676375,-1
557,558,1566049088726,1.8433,-0.192,-0.4547,0.9517621999999999,-10.184905,-0.59788007,-1
558,559,1566049088737,0.4387,-0.6232,-0.19999999,0.052624553,-10.404052,-0.22275653,-1
559,560,1566049088747,0.218,-0.58379996,0.2179,-0.12138602,-10.347796,0.17256448,-1
560,561,1566049088757,0.23259999,-0.53499997,0.23079999,-0.09869857,-10.316586000000001,0.16118725,-1
561,562,1566049088767,0.2638,-0.4473,0.0447,-0.115687825,-10.260542999999998,-0.104731955,-1
562,563,1566049088777,0.23179999,-0.40899998,-0.1515,-0.108715914,-10.188630999999999,-0.19199581,-1
563,564,1566049088788,0.2917,-0.1944,-0.2875,-0.1428285,-10.001616,-0.22569661,-1
564,565,1566049088798,0.23519999,-0.1468,-0.22459999,-0.31958762,-9.933409,-0.17838718,-1
565,566,1566049088808,0.079399996,-0.13849999,-0.2658,-0.5131922999999999,-9.94378,-0.18187314,-1
566,567,1566049088818,-0.0289,-0.1302,-0.3019,-0.54932564,-9.872615,-0.27699,-1
567,568,1566049088828,0.027199998,-0.013999999499999999,-0.3028,-0.58606225,-9.824558,-0.19778020000000002,-1
568,569,1566049088838,0.0314,0.0532,-0.278,-0.56044436,-9.753241000000001,-0.12719914,-1
569,570,1566049088849,0.050899997,0.1011,-0.19909999,-0.4881394,-9.65297,-0.13057975,-1
570,571,1566049088859,0.025799999,0.110199995,-0.2131,-0.47012547,-9.605317,-0.26435820000000004,-1
571,572,1566049088869,0.091699995,0.14909999,-0.35029998,-0.58875334,-9.673169,-0.26825592,-1
572,573,1566049088879,0.032199997,0.13939999,-0.2679,-0.63499016,-9.741748,-0.21767123,-1
573,574,1566049088889,-0.15349999,0.042,-0.23879999,-0.799491,-9.860911999999999,-0.18759048,-1
574,575,1566049088900,-0.1249,0.023,-0.1855,-0.73471344,-9.881397,-0.18170077,-1
575,576,1566049088910,-0.2499,-0.0739,-0.1769,-0.80255556,-9.958461999999999,-0.11744039,-1
576,577,1566049088920,-0.27019998,-0.18069999,-0.0999,-0.63951045,-9.974312,-0.08420886,-1
577,578,1566049088930,-0.0657,-0.20899999,-0.0042,-0.48646346,-10.051107,-0.049081136,-1
578,579,1566049088940,0.011000000000000001,-0.2767,-0.0083,-0.54010314,-10.205888,-0.13497551,d
579,580,1566049088950,0.0394,-0.3836,-0.1026,-0.38883752,-10.324468,-0.11018116,-1
580,581,1566049088961,0.071499996,-0.6084,-0.0023999998999999998,-0.30717608,-10.640963000000001,-0.06600335,-1
581,582,1566049088971,0.1592,-0.91209996,-0.0211,-0.21255723,-10.240412,-0.25210944,-1
582,583,1566049088981,0.217,-0.51,-0.1687,-0.21707748,-10.769722999999999,-0.29784825,-1
583,584,1566049088991,0.21869999,-1.099,-0.24,-0.1876671,-10.869847,-0.24979186,-1
584,585,1566049089001,0.3003,-1.1000999,-0.07809999599999999,-0.20418711,-11.038668,0.04904283,-1
585,586,1566049089011,0.21079999,-1.3765999,0.2841,-1.1530955,-11.854219,1.3506458000000001,-1
586,587,1566049089022,-0.009099999000000001,-2.5418,2.8564,-0.6632321999999999,-12.342838,2.8070195,-1
587,588,1566049089032,-0.009099999000000001,-2.5418,2.8564,1.1821035,-12.28893,3.1378026,-1
588,589,1566049089042,4.9891,-2.1185,1.9214,4.1293178,-11.900495,2.0619153999999997,-1
589,590,1566049089053,4.9891,-2.1185,1.9214,5.6212792,-11.391123,0.5214476,-1
590,591,1566049089063,7.8079996,-0.87869996,-2.0455,6.780149499999999,-10.639191,-1.6214203999999999,-1
591,592,1566049089073,7.8079996,-0.87869996,-2.0455,6.741315400000001,-10.1599865,-3.498647,-1
592,593,1566049089083,7.4055995999999995,-0.2814,-4.9870996,6.339942,-10.0166025,-4.271303700000001,-1
593,594,1566049089094,6.4874,-0.15709999,-5.3732,5.204027,-9.870489,-4.486916000000001,-1
594,595,1566049089104,5.3212,-0.0466,-4.8156,4.380249500000001,-9.774376,-3.941354,-1
595,596,1566049089114,4.3388,0.117599994,-4.1686,3.332413,-9.600988000000001,-3.1480496,-1
596,597,1566049089124,3.4603998999999996,0.25579998,-3.1223,2.7371662,-9.497176,-2.2453015,-1
597,598,1566049089134,2.6232998,0.3367,-1.6571,1.8758857,-9.443928999999999,-0.54001695,-1
598,599,1566049089144,1.8154999,0.3189,-0.2665,1.3405327,-9.458466,0.53244174,-1
599,600,1566049089155,1.1199,0.1813,0.7215,0.6472197,-9.585512,1.614506,-1
600,601,1566049089165,0.5689,0.2862,1.2361,0.21757548,-9.3595085,1.9724679,-1
601,602,1566049089175,0.22379999,0.78029996,1.1223999,0.015907075,-8.91052,1.7180026000000002,-1
602,603,1566049089185,-0.0523,1.4581,0.33789998,-0.13962984,-8.3340435,1.0102860999999999,-1
603,604,1566049089195,-0.3885,2.0846,-0.8689,-0.46662033,-7.625044,-0.45445779999999997,-1
604,605,1566049089206,-0.8933,2.3274,-2.2893999,-1.0510162,-7.562,-2.0233302,-1
605,606,1566049089216,-1.6056,1.8937,-3.2512999,-1.6247436000000002,-8.033446000000001,-2.661136,-1
606,607,1566049089226,-2.3762,1.0494,-3.4266998999999996,-2.4455907000000003,-9.173882,-2.4793682,-1
607,608,1566049089236,-2.888,0.1092,-2.6914,-2.701282,-9.871591,-1.7173226000000001,-1
608,609,1566049089246,-2.972,-0.574,-1.4591,-2.6350392999999994,-10.58806,-0.17066827,-1
609,610,1566049089257,-2.7082999,-0.9032,0.1522,-2.355387,-10.69534,1.0961901,-1
610,611,1566049089267,-2.2394,-0.63449997,1.5593,-1.7808168000000002,-10.238478,2.4185748,-1
611,612,1566049089277,-1.9047999,-0.1706,2.2177,-1.6254426000000002,-9.654523,2.6185577,-1
612,613,1566049089287,-1.9355999,0.33089998,2.019,-1.7638563000000003,-9.309728999999999,2.143567,-1
613,614,1566049089297,-2.2845,0.6059,1.2774,-2.388331,-9.164344,1.1447061,-1
614,615,1566049089308,-2.9794998,0.6448,0.3924,-2.9035919999999997,-9.20175,0.57749104,-1
615,616,1566049089318,-3.5446,0.5168,-0.057299998,-3.3463182000000002,-9.328499,0.30467653,-1
616,617,1566049089328,-3.8279,0.3989,-0.3384,-3.565043,-9.40906,-0.017889475,-1
617,618,1566049089338,-3.7967,0.3698,-0.5049,-3.3832273,-9.510076,-0.013532028500000001,-1
618,619,1566049089349,-3.5084998999999994,0.2434,-0.3678,-3.1132283,-9.628387,0.10476069,-1
619,620,1566049089359,-3.0727,0.1371,-0.1819,-2.6665852,-9.744276,0.3919787,-1
620,621,1566049089369,-2.7259998,-0.086399995,0.2084,-2.4329686,-10.230433,0.8190564,-1
621,622,1566049089379,-2.5411,-0.5161,0.5049,-2.2021773,-10.546812,0.9397719999999999,-1
622,623,1566049089389,-2.1378,-0.80869997,0.6653,-1.6369444,-10.682142,1.0415448,-1
623,624,1566049089399,-1.5758,-0.8663,0.79639995,-1.2054038999999999,-10.6024065,1.2331958,-1
624,625,1566049089410,-1.0066,-0.738,1.0818,-0.83308643,-10.596134,1.4667742,-1
625,626,1566049089420,-0.7783,-0.8258,1.2938,-1.3510672,-11.745446000000001,2.1712441000000005,-1
626,627,1566049089430,-9.9056,-11.750299,5.8641996,0.5903048000000001,-11.02437,4.048605,-1
627,628,1566049089440,2.1685,0.4682,2.7547998,3.0062938,-9.092412,2.224702,-1
628,629,1566049089450,2.7349,0.33799999999999997,1.0684,1.3273358,-10.126458,-0.36344940000000003,-1
629,630,1566049089460,1.3069998999999999,-0.4385,-0.9321,0.45576980000000006,-10.1909485,-1.0540905,-1
630,631,1566049089471,0.2771,-0.1847,-1.3224,-0.9785485,-9.799085,-0.65127075,-1
631,632,1566049089481,-0.96279997,0.0307,-0.88079995,-1.8288349999999998,-9.712587,-0.27510336,-1
632,633,1566049089491,-1.916,0.188,-0.51489997,-2.4347307999999996,-9.319459,-0.06509356,-1
633,634,1566049089501,-2.2872,0.5712,-0.3726,-2.4539993,-9.097861,-0.012832921,-1
634,635,1566049089511,-2.2128,0.7484,-0.3198,-1.8844473000000002,-9.350057000000001,0.20265481,-1
635,636,1566049089522,-1.4769999999999999,-0.0354,0.0915,-0.41743386,-12.868863000000001,0.95153236,-1
636,637,1566049089532,0.6529,0.48479998,-0.18429999,0.6077537,-9.247316,0.44341573,-1
637,638,1566049089542,0.2214,-0.37799999999999995,-0.31239998,0.040806774,-10.185853999999999,-0.06600335,-1
638,639,1566049089552,0.1361,-0.1718,-0.21899999999999997,-0.023300372000000003,-9.971122,0.03722505,-1
639,640,1566049089562,0.0323,-0.2401,-0.154,-0.18042703,-10.050256,0.09300995,-1
640,641,1566049089573,0.024799999,-0.0437,-0.14919999,-0.1937388,-9.891711,0.098334655,-1
641,642,1566049089582,0.024799999,-0.0437,-0.14919999,-0.15677233,-10.072742,0.08308837599999999,-1
642,643,1566049089592,0.0558,-0.2591,-0.1344,-0.11263282599999999,-9.947275999999999,0.047002967,-1
643,644,1566049089602,0.0783,-0.1314,-0.1665,-0.14101848,-9.945783,0.032139762999999995,-1
644,645,1566049089612,0.04,-0.2391,-0.0901,-0.16928922,-10.030882,0.075570576,-1
645,646,1566049089622,0.0892,-0.1998,-0.094399996,-0.12788868,-10.01145,0.09257899,-1
646,647,1566049089633,0.0401,-0.1507,-0.1201,-0.17527471,-9.968623,0.084793046,-1
647,648,1566049089643,0.049399998,-0.1506,-0.108399995,-0.17074488,-9.963451,0.07282203400000001,-1
648,649,1566049089653,0.0477,-0.17999999,-0.1174,-0.17087896,-9.975116,0.07789774,-1
649,650,1566049089663,0.0066,-0.1506,-0.1281,-0.20862116,-9.960578,0.052902278,-1
650,651,1566049089674,-0.0042999996999999995,-0.1898,-0.0924,-0.18135598,-10.019734,0.10450211,-1
651,652,1566049089684,0.0446,-0.19,-0.108799994,-0.1708215,-10.001548,0.08429505,-1
652,653,1566049089694,0.0941,-0.1901,-0.0984,-0.11975797,-9.986033,0.11320744,-1
653,654,1566049089704,0.1147,-0.21,-0.14909999,-0.10103531,-10.017914,0.06562028,-1
654,655,1566049089714,0.0872,-0.1809,-0.1335,-0.14448529999999998,-10.001576,0.10964486,-1
655,656,1566049089724,0.0614,-0.21079999,-0.0806,-0.16034448,-10.0216875,0.15815139,-1
656,657,1566049089735,0.096,-0.2015,-0.028999999999999998,-0.1229662,-10.031562,0.24806802,d
657,658,1566049089745,0.0742,-0.3002,0.0219,-0.15992309,-10.110053,0.28995696,-1
658,659,1566049089755,0.0938,-0.2518,0.07279999599999999,-0.14116213,-9.979578,0.34923740000000003,-1
659,660,1566049089765,0.1354,-0.3017,-0.0128999995,-0.10207918,-10.207142999999999,0.27171317,-1
660,661,1566049089775,0.17819999,-0.2633,-0.116299994,-0.09532754,-10.0390215,0.23426785,-1
661,662,1566049089785,0.2604,-0.1267,-0.108899996,0.02132755,-9.916707,0.22571576,-1
662,663,1566049089796,0.3719,-0.1863,-0.098299995,0.13336661,-9.973967,0.27110982,-1
663,664,1566049089806,0.5115,-0.18679999,-0.13319999,0.33154905,-10.001711,0.24366269,-1
664,665,1566049089816,0.6986,-0.0695,-0.105799995,0.45215937,-9.850023,0.24898739,-1
665,666,1566049089826,0.82519996,-0.1286,0.0026999997999999996,0.52333415,-9.881656,0.40699515,-1
666,667,1566049089836,0.80259997,-0.0699,0.1423,0.6156642,-9.823160000000001,0.49624140000000005,-1
667,668,1566049089846,0.9052,-0.0111,0.2136,0.4789361,-9.903022,0.5500151999999999,-1
668,669,1566049089856,0.6319,-0.1582,0.1572,0.27993006,-9.947861,0.48227840000000005,-1
669,670,1566049089867,0.33769998,-0.2562,0.1013,-0.10132261,-10.019198,0.4843853,-1
670,671,1566049089877,0.121599995,-0.20699999,0.2333,-0.21193475,-10.040267,0.61743593,-1
671,672,1566049089887,0.25959998,-0.089099996,0.33859998,-0.09125739,-9.931513,0.7066916999999999,-1
672,673,1566049089897,0.1423,-0.108399995,0.3967,-0.41344035,-10.052381500000001,0.8216804,-1
673,674,1566049089907,-0.15349999,-0.15699999,0.6433,-0.69011426,-9.90306,1.028166,-1
674,675,1566049089917,-0.44939998,-0.0095,0.8336,-0.85070777,-9.80439,1.1469663,-1
675,676,1566049089928,-1.022,-0.0481,0.8107,-1.5611919,-9.895964,1.0641748,-1
676,677,1566049089938,-1.5508,-0.076699995,0.5861,-2.0648267,-9.885582000000001,0.59165514,-1
677,678,1566049089948,-1.8678,-0.1148,0.1936,-2.2609402999999997,-9.995457,0.27834988,-1
678,679,1566049089958,-2.1417,-0.2507,0.1689,-2.9440348,-10.235059,0.8310274,-1
679,680,1566049089968,-3.3051998999999994,-0.5335,1.3683,-4.0690894,-10.394072999999999,2.059971,-1
680,681,1566049089978,-4.5087,-0.3949,3.1664,-5.1110845000000005,-10.036091,4.03332,-1
681,682,1566049089989,-5.1036,-0.2769,4.3722,-5.4629080000000005,-10.24817,4.341626,-1
682,683,1566049089999,-5.2356,-0.3751,4.4797997,-5.152657,-10.020931,4.4256053,-1
683,684,1566049090009,-4.6892,-0.2087,4.1703997,-4.761253,-9.9558,3.7824172999999996,-1
684,685,1566049090019,-4.5719,-0.0716,3.3548,-5.0702014,-10.073345,2.5654635,-1
685,686,1566049090029,-5.0599,-0.19899999999999998,2.418,-5.9722404000000004,-10.062025,1.5571218,-1
686,687,1566049090039,-5.8276997,-0.45369998,1.2911,-6.139174,-10.551008,0.70201826,-1
687,688,1566049090050,-6.0548,-0.3751,0.9324,-6.126015,-10.076094,0.9971180000000001,-1
688,689,1566049090060,-5.8543997,-0.33609998,0.8224,-5.704530200000001,-9.973545,0.8806832,-1
689,690,1566049090070,-5.2194,-0.16,0.67469996,-4.809262,-10.127875,0.31978872,-1
690,691,1566049090080,-4.6031,-0.1116,0.3046,-4.6773124,-9.954171,0.23318566,-1
691,692,1566049090090,-4.1177,-0.4064,-0.120699994,-5.0406947,-10.121047,0.27301559999999997,-1
692,693,1566049090101,-4.732599700000001,-0.5247,-0.005,-4.9399085,-10.214813000000001,0.43165544,-1
693,694,1566049090111,-4.758,-0.2706,0.3443,-4.1417775,-10.242137,0.25573903,-1
694,695,1566049090121,-3.3156998,-0.4288,-0.0889,-3.1558162999999997,-10.050936,-0.40778044,-1
695,696,1566049090131,-2.2974,-0.3132,-1.3094,-1.9536111,-9.943139,-1.9424830000000002,-1
696,697,1566049090142,-1.0749,-0.2374,-2.7935,-0.5546982,-9.840819999999999,-3.2013159,-1
697,698,1566049090152,-0.0805,0.18100000000000002,-4.0539,0.789579,-9.887555,-4.6147184,-1
698,699,1566049090162,1.354,-0.16499999,-5.4059,0.88902456,-10.083458,-5.4060407,-1
699,700,1566049090172,1.494,-1.0110999,-6.5211,1.2920741000000002,-10.747819999999999,-5.9020905,-1
700,701,1566049090182,1.494,-1.0110999,-6.5211,0.4343848,-10.429363,-5.485241,-1
701,702,1566049090193,1.5051,-0.7359,-5.954799700000001,0.97469866,-10.435683000000001,-5.309659,-1
702,703,1566049090203,2.0739,-0.4219,-5.8238,1.8201392,-10.213694,-5.2614784000000006,-1
703,704,1566049090213,2.0739,-0.4219,-5.8238,3.2881102999999996,-10.412575,-5.4006004,-1
704,705,1566049090223,3.6353998,-0.45209998,-5.8897,3.3804884,-10.253044000000001,-5.3254895,-1
705,706,1566049090233,3.6992,-0.5215,-5.4786,3.3308709000000003,-10.284599,-5.0014296,-1
706,707,1566049090243,3.1197,-0.6207,-5.5037,2.8409407000000004,-10.416367999999999,-4.9200077,-1
707,708,1566049090254,3.701,-0.8577,-5.1412,3.2978022000000005,-10.518945,-4.586639,-1
708,709,1566049090264,3.2596998,-0.80079997,-4.9858,2.9509974,-10.586317,-4.3545456,-1
709,710,1566049090274,2.4795,-0.84209996,-4.9265,2.5756247,-10.827835,-3.9442942000000003,-1
710,711,1566049090284,2.4795,-0.84209996,-4.9265,1.9407973000000003,-10.523388,-3.9055847999999997,-1
711,712,1566049090294,2.6231,-1.0127,-4.2991,1.0540521,-10.366883999999999,-3.6971550000000004,-1
712,713,1566049090304,2.8799999,-1.2888,-3.7069,2.4333517999999996,-11.078335000000001,-3.0370355,-1
713,714,1566049090315,2.9744,-0.8588,-3.5026998999999996,2.4055502,-10.414911,-2.322845,-1
714,715,1566049090325,2.8163,-0.2127,-2.8646,3.1960773,-10.154222,-1.5062114,-1
715,716,1566049090335,3.6546,0.10969999400000001,-1.6531,2.9867377,-9.678924,-0.68273056,-1
716,717,1566049090345,3.3246,0.3933,-1.0764999,3.9668763,-10.266605,0.9558131999999999,-1
717,718,1566049090356,4.4642,-0.0881,0.3768,2.9269116000000004,-9.445652,0.16113935,-1
718,719,1566049090365,3.8514,-0.4614,-0.376,3.2660549,-10.487273,0.5785349,-1
719,720,1566049090375,3.0075,-0.0015,-1.0720999,2.4503696,-10.009037,-0.76403767,-1
720,721,1566049090385,3.1072,0.361,-1.3238,2.6452386000000003,-9.69032,-0.5760449000000001,-1
721,722,1566049090395,4.2555,-0.5218,0.8254,3.2352943,-9.819636000000001,1.4287637,-1
722,723,1566049090405,3.6102998,0.2626,1.5329,3.0378877999999996,-10.094069500000002,2.511441,-1
723,724,1566049090415,3.9129,-0.13,3.6062,2.9325716,-9.821686,3.7729267999999996,-1
724,725,1566049090425,3.7431,-1.1797999,5.5765,2.4734306,-10.468092,5.422053,-1
725,726,1566049090435,2.8701,0.8691,4.1776,2.102521,-8.8115425,4.2480803,-1
726,727,1566049090446,2.6996,-0.23979999,4.5365,1.6132323,-10.05082,4.092112,-1
727,728,1566049090456,2.0749,-1.6725,4.769,1.2660252,-10.199012,4.390698,-1
728,729,1566049090466,2.1327,0.22919999,4.3266,0.9149202,-10.037001,3.84979,-1
729,730,1566049090476,1.5015999,-0.5463,4.2102,0.5754799,-10.471922,3.730377,-1
730,731,1566049090486,1.5007,0.1981,4.0962,0.38067806,-9.803864,3.7850029999999997,-1
731,732,1566049090496,0.9429,0.079799995,4.3851,-0.27082249999999997,-10.093821,3.9365080000000003,-1
732,733,1566049090507,0.1893,0.3245,5.0575,-0.7088369000000001,-9.366194,4.6172466,-1
733,734,1566049090517,-0.6702,-0.54829997,5.0785,-1.7231549,-10.543567,4.499998000000001,-1
734,735,1566049090527,-1.0177,-0.047799997000000004,5.6516,-1.9820639,-10.017311,4.933367700000001,-1
735,736,1566049090537,-1.3297,-0.46859998,5.1935,-1.8915629,-10.131074,4.4283633,-1
736,737,1566049090547,-1.42,0.0821,5.2311,-2.1699705000000002,-10.097161999999999,4.1589103,-1
737,738,1566049090558,-1.9488,-0.1405,4.723099700000001,-2.7971362999999996,-10.798463,3.0383186,-1
738,739,1566049090568,-2.5846999,-1.2843,3.2333998999999998,-3.3540754,-10.470696,2.9525678,-1
739,740,1566049090578,-4.451699700000001,-1.6635,2.5653,-8.218098,-13.9771,-0.78841066,-1
740,741,1566049090588,-8.2713995,-2.3766,1.5496,-7.5654955,-10.752188,2.6907282,-1
741,742,1566049090598,-6.4178,-0.6512,4.633,-6.1009145,-10.546927,3.922028,-1
742,743,1566049090608,-5.4786,-0.9946,4.5348,-5.283419,-10.659676,3.9620589999999996,-1
743,744,1566049090618,-4.5039,-0.5426,4.8424,-4.7219787,-10.250411,3.801504,-1
744,745,1566049090629,-4.5278997,-0.5498,4.0954,-4.959857,-10.376278,3.2401786,-1
745,746,1566049090639,-5.0743,-0.47649997,3.4529,-5.6055923,-10.236945,2.2444491,-1
746,747,1566049090649,-5.5056,-0.23529999,2.5469,-6.063689,-9.883753,1.5111052,-1
747,748,1566049090659,-5.6900997,0.0743,0.90279996,-5.591878400000001,-9.751315,-1.0249099,-1
748,749,1566049090669,-4.749,-0.088199995,-1.7232,-4.2956862000000005,-10.043217,-3.1807065,-1
749,750,1566049090680,-2.9211,-0.3118,-4.5484,-2.2235812999999998,-10.156452,-5.835435400000001,-1
750,751,1566049090690,-2.0728,0.2083,-6.1322,-2.3140152,-9.544207,-6.393371,-1
751,752,1566049090700,-1.4542999,0.031799997999999996,-6.9519,-1.4999578000000002,-9.485769,-6.7257915,-1
752,753,1566049090710,-0.5744,0.1103,-6.8206,-0.89058554,-9.771158,-6.4282684,-1
753,754,1566049090720,-0.3347,-0.1636,-6.4624,-0.25394818,-10.251263,-6.235411,-1
754,755,1566049090730,-0.36679998,-0.28039998,-5.6981997,-0.21968237,-10.405928999999999,-4.812853,-1
755,756,1566049090740,-0.0865,-0.28,-4.1545,-0.008178593,-10.166623,-3.4290809999999996,-1
756,757,1566049090751,0.54499996,-0.3101,-2.7677999,0.70318663,-10.025106,-2.3190908,-1
757,758,1566049090761,1.1359,-0.1153,-2.0465999,1.0053636000000001,-9.742668,-2.3660076,-1
758,759,1566049090771,1.4341999,0.0499,-2.4610999,1.5409082,-9.611158999999999,-3.3397867999999993,-1
759,760,1566049090781,1.7233,0.12719999,-3.0026,1.1643288999999999,-9.822998,-3.4393187000000007,-1
760,761,1566049090791,1.4969999999999999,-0.15779999,-3.2484999,1.3404657,-9.867549,-3.3786879,-1
761,762,1566049090802,1.6089,-0.011299999,-2.8759,1.4762361000000002,-9.912599,-3.0936343999999996,-1
762,763,1566049090812,1.8115,-0.0414,-2.3864,1.6605129,-9.7752,-2.6145928,-1
763,764,1566049090822,1.9361999,0.12459999,-2.1927,1.8499805,-9.850071,-2.1332335,-1
764,765,1566049090832,1.3513,-0.1407,-0.6940000000000001,1.2790112,-9.909361,-1.2729108,-1
765,766,1566049090842,1.0234,-0.22899999,-0.7211,0.7767556999999999,-10.031964,-1.1708125,-1
766,767,1566049090853,1.6034,-0.1407,-1.2622,1.2698559,-9.93564,-1.6389651,-1
767,768,1566049090863,1.2361,-0.2288,-0.9842,0.98997366,-10.02772,-1.4275476,-1
768,769,1566049090873,1.2361,-0.2288,-0.9842,0.15076767,-10.117265,-0.8132815999999999,-1
769,770,1566049090883,0.1361,-0.3651,-0.3418,-0.14426501,-10.161269,-0.75456613,-1
770,771,1566049090893,0.1361,-0.3651,-0.3418,0.21928015,-9.911603,0.36590105,-1
771,772,1566049090903,0.5429999999999999,-0.0099,0.69879997,0.24010013,-9.812588,0.38787025,-1
772,773,1566049090914,0.3495,0.0109,0.2491,-0.07108864,-9.817461999999999,-0.10197384,-1
773,774,1566049090924,-0.006,-0.09559999400000001,0.0679,-0.3391626,-9.907829,-0.13579912,-1
774,775,1566049090934,-0.006,-0.09559999400000001,0.0679,-0.48373409999999994,-9.974063000000001,-0.17551415,-1
775,776,1566049090945,-0.1749,-0.153,-0.0703,-0.5183063,-9.967502,-0.14845966,-1
776,777,1566049090955,-0.122999996,-0.1725,-0.1786,-0.48705724,-9.972214,-0.21541111,-1
777,778,1566049090965,-0.1507,-0.1628,-0.2798,-0.5003403000000001,-9.974176,-0.23964044,-1
778,779,1566049090975,-0.1498,-0.1926,-0.5282,-0.46946466,-10.034253,-0.5656541,-1
779,780,1566049090986,-0.1498,-0.1926,-0.5282,-0.43626186,-10.06124,-0.90816855,-1
780,781,1566049090996,0.054399997,-0.242,-0.7872,-0.24314556,-10.027558,-0.630671,-1
781,782,1566049091006,0.2206,-0.2322,-0.6978,-0.13248555,-10.020557,-0.48052585,-1
782,783,1566049091016,0.1608,-0.2418,-0.4603,-0.15481867,-10.037384,-0.27016172,-1
783,784,1566049091026,0.1793,-0.26119998,-0.1556,-0.20010738,-10.06034,0.0041180267,-1
784,785,1566049091036,0.12979999,-0.2805,0.017199999,-0.22144450000000002,-10.094251,0.13206416,-1
785,786,1566049091047,0.1795,-0.29999998,0.1148,-0.1896878,-10.12076,0.15182112,-1
786,787,1566049091057,0.1433,-0.42749998,0.0853,-0.21999842,-10.275444,0.11768938,d
787,788,1566049091067,0.2094,-0.6239,0.18100000000000002,-0.08136455,-10.47379,0.29342379999999996,-1
788,789,1566049091077,0.2224,-0.72249997,0.5855,-0.3102598,-10.484765,1.2157373,-1
789,790,1566049091088,-0.0023,-0.84099996,1.6938,-0.5039699000000001,-10.971027000000001,2.1525787999999997,-1
790,791,1566049091098,-0.3915,-1.5482999,2.8746,-1.0990726,-11.84809,3.4899989999999996,-1
791,792,1566049091108,-0.5894,-2.3055,3.6711,-0.79504734,-12.394811,3.7091260000000004,-1
792,793,1566049091118,0.5255,-2.8588998,3.0802999,0.47223234,-12.692736,2.8368225,-1
793,794,1566049091128,2.4771,-2.8767998,1.1058999,2.6793704,-12.592525,0.27703786,-1
794,795,1566049091139,4.4097,-2.5563998,-2.0588999,4.657546,-11.893502999999999,-3.3087869,-1
795,796,1566049091149,6.0077996,-1.7005999,-5.1902,5.686794,-11.084541,-5.3642664,-1
796,797,1566049091159,6.9757,-0.7179,-7.218,6.462199,-10.003684,-6.7453856,-1
797,798,1566049091169,7.2918997,-0.0053,-7.6397996,6.199784999999999,-9.507337,-5.956869599999999,-1
798,799,1566049091179,6.870199700000001,0.2346,-6.7696,5.6160793,-9.530963,-4.839217700000001,-1
799,800,1566049091190,5.8398,0.12019999,-5.0717,4.239739,-9.711611,-2.4187949,-1
800,801,1566049091200,4.6421,-0.0078,-3.0786998,3.4356027,-9.810797,-0.9818046,-1
801,802,1566049091210,3.4575,0.0033,-1.2702,2.1857338,-9.598469999999999,0.80881876,-1
802,803,1566049091220,2.3866,0.1996,0.0501,1.4789367,-9.414278999999999,1.6069882,-1
803,804,1566049091230,1.4215,0.3928,0.86689997,0.6076100999999999,-9.19112,1.9303874,-1
804,805,1566049091241,0.64,0.6214,0.95549995,0.12499648,-9.056787,1.5376136999999999,-1
805,806,1566049091251,0.0725,0.77779996,0.3206,-0.27736348,-8.814771,0.45578897,-1
806,807,1566049091261,-0.26749998,1.0107,-0.7363,-0.4153174,-8.529651,-0.44336787,-1
807,808,1566049091271,-0.4294,1.311,-1.8816998999999999,-0.5211698,-8.430961,-1.4870291000000002,-1
808,809,1566049091282,-0.5248,1.3474,-2.5565,-0.5376515000000001,-8.339378,-1.405406,-1
809,810,1566049091292,-0.47649997,1.4447,-2.2199,-0.31238586,-8.121304499999999,-0.5028781,-1
810,811,1566049091302,0.0046,1.9409999999999998,-0.5844,-0.0060812719999999995,-7.828714,0.40584590000000004,-1
811,812,1566049091312,0.0046,1.9409999999999998,-0.5844,0.0071155676,-7.6126614,0.6503514,-1
812,813,1566049091322,-0.0266,2.2307,-0.3436,-0.66883457,-7.648162400000001,0.17273687,-1
813,814,1566049091332,-0.71559995,2.1289,-0.6971,-1.5006282,-8.160741999999999,-0.22041978,-1
814,815,1566049091342,-1.8729,1.4491,-1.0237,-2.789925,-9.031512,0.24447674,-1
815,816,1566049091352,-2.9712,0.7599,-0.4326,-3.4055218999999997,-9.565171000000001,1.2050976,-1
816,817,1566049091362,-4.4495,-1.003,3.3012,-4.153365,-10.803969,3.6984959,-1
817,818,1566049091372,-4.7223997,-1.8822999,5.2735,-4.377185,-11.543614999999999,5.2310433,-1
818,819,1566049091382,-4.7223997,-1.8822999,5.2735,-4.278017,-12.167353,6.6090693,-1
819,820,1566049091392,-4.1808,-2.4287999,6.4239999999999995,-3.9419668,-12.273367,6.618875999999999,-1
820,821,1566049091403,-3.5286998999999994,-2.0453,5.2914,-3.2252579,-11.859467500000001,5.412562,-1
821,822,1566049091413,-2.8709,-1.6035999,3.5070998999999996,-2.523891,-11.327093,3.341731,-1
822,823,1566049091423,-2.3198,-1.183,1.5285,-2.1276314,-10.988515,1.8202542000000002,-1
823,824,1566049091433,-2.3198,-1.183,1.5285,-1.7989361000000001,-10.604609,0.1933653,-1
824,825,1566049091443,-1.3785,-0.024,-2.359,-1.3284755,-9.8346815,-1.8428171000000002,-1
825,826,1566049091454,-1.3785,-0.024,-2.359,-1.0109277,-9.31446,-2.66874,-1
826,827,1566049091464,-0.695,0.88869995,-3.7228,-0.76019734,-8.898442999999999,-3.0594451,-1
827,828,1566049091474,-0.60859996,0.691,-3.6804997999999998,-0.7202908,-9.190488,-2.9072695,-1
828,829,1566049091484,-0.6026,0.2411,-2.99,-0.7488584,-9.557289,-2.3354863999999997,-1
829,830,1566049091494,-0.5202,-0.1183,-1.6866,-0.6699647,-9.956738,-0.7063278000000001,-1
830,831,1566049091504,-0.4484,-0.1335,-0.0779,-0.6329695,-9.93745,0.46619895,-1
831,832,1566049091515,-0.5622,-0.0019999999,1.4858999,-0.8187021,-9.751258,2.2338667,-1
832,833,1566049091525,-0.9277,0.0793,2.4178998,-1.3849403,-9.7632,2.9372833,-1
833,834,1566049091535,-1.6869999,-0.1347,2.4903,-1.6624474999999999,-9.832805,2.9187522,-1
834,835,1566049091545,-5.5401,-8.715199,-1.0284,-2.695268,-20.414341,0.28435457,-1
835,836,1566049091555,1.3334,1.1004,2.191,1.3537103000000001,-8.320454,2.4182584,-1
836,837,1566049091566,0.7521,0.009699999,0.5592,0.08884404,-10.165714,0.374683,-1
837,838,1566049091576,0.2436,-0.6789,-0.6177,0.005880159300000001,-10.48713,-0.27185679999999995,-1
838,839,1566049091586,0.3946,-0.122099996,-0.97319996,0.03454354,-9.741873,-0.62041426,-1
839,840,1566049091596,0.1078,0.1107,-1.0935999,-0.2858102,-9.680992999999999,-0.5498331999999999,-1
840,841,1566049091606,-0.1683,0.0005999999700000001,-0.7396,-0.47215572,-10.028152,-0.16256629999999997,-1
841,842,1566049091616,-0.038399998,-0.20709999,-0.6924,-0.34328064,-9.936713000000001,-0.17447984,-1
842,843,1566049091627,0.039899997,-0.17899999,-0.56869996,-0.3282163,-9.960023,0.18269674,-1
843,844,1566049091637,-0.080299996,-0.101399995,-0.2215,-0.45975375,-9.997956,0.59838766,-1
844,845,1566049091647,-0.18249999,-0.249,0.12079999599999999,-0.6080985,-10.057955,0.8068843000000001,-1
845,846,1566049091657,-0.4032,-0.2003,0.2013,-0.71878725,-10.04926,0.76480377,-1
846,847,1566049091668,-0.2997,-0.1908,-0.0009,-0.55153793,-9.946672,0.5380345999999999,-1
847,848,1566049091677,-0.086899996,-0.1811,-0.06359999599999999,-0.28156770000000003,-10.002697,0.5647634,-1
848,849,1566049091687,0.0166,-0.17109999,-0.0827,-0.26634058,-9.98522,0.5579831000000001,-1
849,850,1566049091697,0.070999995,-0.21,-0.0889,-0.21653160000000002,-10.037346000000001,0.48396394,-1
850,851,1566049091707,0.055099998,-0.26819998,-0.1697,-0.26062322,-10.045937,0.34992695,-1
851,852,1566049091717,-0.0001,-0.2577,-0.2593,-0.32312146,-9.992431,0.3975428,-1
852,853,1566049091728,-0.054399997,-0.1982,-0.1829,-0.3519572,-10.027481,0.5036826,-1
853,854,1566049091738,-0.0089,-0.2076,-0.0694,-0.20732829,-9.969313,0.5263509,-1
854,855,1566049091748,0.13599999,-0.2074,-0.047599997000000005,-0.08799169999999999,-9.989251,0.57578635,-1
855,856,1566049091758,0.2227,-0.1486,-0.0289,-0.065218054,-9.9960985,0.5260157,-1
856,857,1566049091768,0.19229999,-0.17819999,-0.052199997000000005,-0.09270349,-9.983429,0.5273181,-1
857,858,1566049091779,0.0736,-0.1982,-0.078999996,-0.23963086,-9.990735,0.56112427,-1
858,859,1566049091789,-0.0053,-0.2184,-0.039699998,-0.24580789999999997,-10.015146000000001,0.59286183,-1
859,860,1566049091799,0.0632,-0.2289,-0.0698,-0.1771422,-9.993044,0.5674833,-1
860,861,1566049091809,0.0736,-0.1707,-0.0312,-0.17673039999999998,-9.988389999999999,0.5806321999999999,-1
861,862,1566049091820,0.1041,-0.191,-0.099599995,-0.16881995,-9.992277,0.5669661,-1
862,863,1566049091829,0.085599996,-0.1916,-0.098299995,-0.18852903,-9.993551,0.5499576999999999,-1
863,864,1566049091839,0.0676,-0.20199999,-0.0769,-0.20660044,-10.000073,0.5743403,-1
864,865,1566049091849,0.060599997999999995,-0.1731,-0.045199998,-0.19909224,-10.038916,0.612772,d
865,866,1566049091859,0.0738,-0.2521,-0.041699997999999995,-0.21956745,-10.077156,0.6170911,-1
866,867,1566049091869,0.078,-0.2427,-0.0756,-0.22471978,-10.015607000000001,0.63491356,-1
867,868,1566049091880,0.0632,-0.1743,-0.067,-0.19798133,-10.029053,0.61314553,-1
868,869,1566049091890,0.117699996,-0.3116,-0.035299998,-0.034198776,-10.030650999999999,0.24678473,-1
869,870,1566049091900,0.2907,-0.2428,-0.5694,0.054999605,-10.006988,-0.06694188,-1
870,871,1566049091910,0.3269,-0.1933,-0.7661,0.06589801,-10.028822,-0.009375694,-1
871,872,1566049091920,0.3523,-0.24159999,-0.6049,0.08213069,-10.031063,0.22696073,-1
872,873,1566049091931,0.3874,-0.2601,-0.2717,0.20215681,-9.938379,0.58427143,-1
873,874,1566049091942,0.624,-0.0716,0.31939998,0.31065246,-9.872002,0.9134263000000001,-1
874,875,1566049091953,0.624,-0.0716,0.31939998,0.34304124,-9.881494,0.9766428,-1
875,876,1566049091963,0.6385,-0.0805,0.38549998,0.37576517,-9.802925,0.8700815999999999,-1
876,877,1566049091973,0.4346,-0.1479,0.0654,0.19697577,-9.895945,0.65038013,-1
877,878,1566049091984,0.19649999,-0.21599999,0.0246,-0.13696748,-10.0108185,0.5737081999999999,-1
878,879,1566049091994,0.19649999,-0.21599999,0.0246,-0.3514401,-10.015635000000001,0.55226576,-1
879,880,1566049092004,-0.3197,-0.16579999,0.0026,-0.64655894,-9.963567,0.5295017,-1
880,881,1566049092014,-0.8037,-0.15529999,0.014099998999999998,-1.2269039,-9.994978999999999,0.50760907,-1
881,882,1566049092025,-1.3684,-0.14459999,-0.1769,-1.887148,-9.963384,0.16232687,-1
882,883,1566049092035,-1.4835,-0.0748,-0.28509998,-1.3994396,-9.7296715,0.31099722,-1
883,884,1566049092045,-0.6501,-0.0438,-0.043899997999999996,-1.5756816999999999,-10.298706,0.47197375,-1
884,885,1566049092055,-3.0892,-0.68909997,0.3479,-3.8846593,-10.445853999999999,0.8765076999999999,-1
885,886,1566049092066,-5.3406,-0.3928,0.8077,-6.330145,-10.216739,1.3610556999999999,-1
886,887,1566049092076,-6.8395996,-0.45,1.0904,-7.286647299999999,-10.257086,1.472434,-1
887,888,1566049092086,-7.7966,-0.3506,1.1468999,-8.296503,-10.054133,1.5051388,-1
888,889,1566049092097,-8.0843,-0.2224,1.0761,-7.555382300000001,-10.38849,1.2122322,-1
889,890,1566049092107,-6.2497,-0.7125,0.9953,-4.6762877,-10.538615,1.3541317,-1
890,891,1566049092117,-2.9977999,-0.19319999,1.3761,-3.273659,-9.621271,1.7778863999999999,-1
891,892,1566049092127,-3.4032,0.3067,1.6748999,-3.6046525999999997,-9.616858,1.7861031000000003,-1
892,893,1566049092137,-3.1218998,0.1892,1.5054,-3.5364562999999993,-9.76115,1.5781333,-1
893,894,1566049092148,-2.9573,-0.2615,1.0959999999999999,-3.1729397999999995,-10.078325,1.1889508999999998,-1
894,895,1566049092158,-2.6791,-0.28079998,0.6997,-2.2791650000000003,-10.129925,0.58157074,-1
895,896,1566049092168,-1.0862,-0.42769998,0.0346,-0.5539896,-10.186964,0.030157363,-1
896,897,1566049092178,0.2276,0.1704,-0.1335,0.5820975,-9.901231,-0.18487068,-1
897,898,1566049092188,1.5083,-0.28059998,-0.5778,1.6699172999999998,-10.076362,-0.54364663,-1
898,899,1566049092198,2.5837998,-0.1924,-0.9109,2.5595453,-9.950465,-0.9139626000000001,-1
899,900,1566049092209,2.8139999999999996,-0.1043,-1.5116,2.9476072999999996,-10.196762,-2.40397,-1
900,901,1566049092219,3.2995,-0.389,-2.9041997999999998,3.4848084000000004,-10.236007,-3.2947664,-1
901,902,1566049092229,3.8483,-0.2719,-3.9074998,4.6484957,-9.977731,-4.2635174000000005,-1
902,903,1566049092239,5.1654,-0.105799995,-4.6243,5.288303400000001,-9.857292,-4.632358999999999,-1
903,904,1566049092249,5.627999999999999,-0.1357,-5.1099,5.181675,-9.941913000000001,-4.835033,-1
904,905,1566049092260,4.809,-0.25349998,-4.823,3.7647576000000003,-10.197882,-3.9835973,-1
905,906,1566049092270,3.6058,-0.37109998,-3.9164,2.8891501,-10.133927,-3.4046027999999997,-1
906,907,1566049092280,2.9871,-0.41079998,-3.4896998,2.7984004000000002,-10.224160000000001,-3.1626925,-1
907,908,1566049092290,3.1049,-0.4122,-3.4238,2.4586346000000003,-10.177541,-3.2926402,-1
908,909,1566049092300,2.6397,-0.31649998,-4.033,2.0506911,-10.203801,-4.5032825,-1
909,910,1566049092310,2.5086,-0.6924,-5.1548,1.0430962,-9.975327,-6.16165,-1
910,911,1566049092320,1.22,-0.29389998,-6.7556996,0.9434879,-10.704839999999999,-5.8826585,-1
911,912,1566049092331,1.2623,-0.9536,-6.5400996,-0.39365464,-10.053751,-6.996461,-1
912,913,1566049092341,-0.0541,-0.37579998,-7.2455997000000005,-1.0113012,-10.087481,-5.637397,-1
913,914,1566049092351,-0.6565,-0.2956,-6.1717,-1.5789378,-9.892841,-5.518606,-1
914,915,1566049092361,-1.8677,-0.23279999,-4.6865,-2.6744573,-10.254826,-2.307225,-1
915,916,1566049092372,-2.8551,-0.26729998,-1.304,-3.6617877,-10.042546000000002,0.90301627,-1
916,917,1566049092382,-3.2935998,-0.3123,1.4442999,-3.7482184999999997,-10.01485,2.9552686,-1
917,918,1566049092392,-3.4169998,-0.20189999,2.8285,-3.6091057999999996,-9.726329,3.1086218,-1
918,919,1566049092403,-2.7645,-0.2698,3.1511998,-3.0886927,-10.082558,3.161984,-1
919,920,1566049092413,-2.7645,-0.2698,3.1511998,-2.6429498,-10.185423,2.9151130000000003,-1
920,921,1566049092423,-2.9466,-0.083299994,1.2501999,-3.25757,-9.896892999999999,1.2518706,-1
921,922,1566049092433,-2.9466,-0.083299994,1.2501999,-3.0742700000000003,-10.077339,1.082725,-1
922,923,1566049092443,-2.9675999,-0.3576,1.2583,-3.2709582000000004,-10.169229,1.2395357,-1
923,924,1566049092453,-2.7877,-0.4262,2.1938999,-2.9845639999999998,-10.285663000000001,2.4498142999999994,-1
924,925,1566049092464,-3.0263999,-0.4364,2.852,-3.3271262999999998,-10.254164999999999,2.7475762,-1
925,926,1566049092475,-3.0758,-0.69229996,3.4738998,-3.4395866,-10.463092999999999,3.2764556000000002,-1
926,927,1566049092485,-2.8434,-0.7137,4.0489999999999995,-3.1424472000000003,-10.519845,3.8058136,-1
927,928,1566049092495,-1.9042,-0.73649997,5.1927,-2.1424369999999997,-10.439217999999999,5.040743,-1
928,929,1566049092506,-1.1249,-0.48569998,6.2711,-1.7052174999999998,-10.0562315,6.2693033,-1
929,930,1566049092516,-1.0903,-0.1865,7.1077,-1.3352175,-9.912550999999999,6.697080000000001,-1
930,931,1566049092526,-0.6229,-0.1029,7.3220997,-0.22188504,-10.189713000000001,6.5503919999999995,-1
931,932,1566049092536,1.4405,-0.67579997,6.7739,-0.7286322,-10.133133,5.6935459999999996,-1
932,933,1566049092546,-0.6202,-0.5215,5.9656997,-1.1982502,-10.335309,4.9578457,-1
933,934,1566049092557,-0.4116,-0.5724,5.0106,-0.5544875,-10.450766999999999,4.1629423999999995,-1
934,935,1566049092567,0.2149,-0.6825,4.3292,-0.24611436,-10.599677,3.5764775,-1
935,936,1566049092577,-0.44439998,-0.72429997,4.6832,-0.57180244,-10.707272999999999,3.8834047,-1
936,937,1566049092587,0.1687,-0.649,5.3234,-0.7353550999999999,-10.538787,4.9506154,-1
937,938,1566049092598,1.8554,-1.3783,5.2289,1.3657868,-10.729787,4.469486,-1
938,939,1566049092608,1.1234,-0.7244,5.3550997,0.58999836,-10.629000999999999,4.5871086,-1
939,940,1566049092618,2.7774,-1.4326,3.6803,2.3294623,-10.574672,2.670617,-1
940,941,1566049092628,2.6,-0.5322,4.071000000000001,1.9512265,-10.305305,3.6140760999999997,-1
941,942,1566049092638,3.5898,-0.84679997,3.2979,3.2056158,-10.157649000000001,1.8768529999999999,-1
942,943,1566049092649,4.6861997,-0.69009995,2.3188999,3.6563767999999994,-10.1359005,1.0122685,-1
943,944,1566049092659,4.5916,-0.35619998,1.8969999999999998,3.6382575,-9.805501,0.8335461,-1
944,945,1566049092669,5.132999999999999,-0.66899997,0.0447,3.9697108,-9.490079,-0.71806896,-1
945,946,1566049092679,5.0747,-0.1582,-0.9745,4.639197,-10.508266,-2.6595654,-1
946,947,1566049092690,5.3933,-0.19669999,-2.3657,3.9370155,-9.71364,-2.1594837000000005,-1
947,948,1566049092700,4.8294997,-0.31399998,-1.4707999,3.9051150999999997,-10.477008,-2.2080095,-1
948,949,1566049092710,4.8553,-0.53,-2.0748,4.099017,-10.424852,-2.6012332000000002,-1
949,950,1566049092720,5.1257,-0.6787,-2.6072,4.2854967,-10.620822,-3.5750508,-1
950,951,1566049092730,5.4161,-0.8491,-4.1401,4.586352,-10.892124,-5.3413014,-1
951,952,1566049092741,5.6851997,-1.2281,-5.8501997,4.772736,-11.332522,-6.3943667,-1
952,953,1566049092751,5.9237,-1.8427999,-7.014199700000001,5.0230927,-12.005177999999999,-6.51401,-1
953,954,1566049092761,6.1657,-2.3901,-6.7935,5.1451199999999995,-12.325475,-5.767517,-1
954,955,1566049092771,6.2935,-2.7301,-5.8181,5.1182,-12.603441,-4.2888675,-1
955,956,1566049092782,6.0945,-2.9306,-4.7613997,4.5557637,-12.681655000000001,-3.5997303,-1
956,957,1566049092792,5.5734997,-2.9524999,-4.4075,3.9986043,-12.48718,-3.6678214,-1
957,958,1566049092802,4.7693996,-2.6883,-4.6024,2.9084953999999996,-11.980805,-3.782465,-1
958,959,1566049092812,3.7407,-2.256,-4.7732,2.04212,-11.451476,-3.7885752,-1
959,960,1566049092822,1.2491,-0.9482,-4.6913,0.69000894,-10.68649,-3.5387452000000006,-1
960,961,1566049092833,1.2491,-0.9482,-4.6913,-0.18574217,-10.026122,-3.2512972,-1
961,962,1566049092843,-1.1165,0.73939997,-3.8911,-1.3513832000000001,-8.988168,-2.6387357999999996,-1
962,963,1566049092853,-2.2338998,1.5216999,-3.7013,-2.449115,-8.0807085,-2.3989708,-1
963,964,1566049092863,-3.1719,2.1945999,-3.7861998,-3.084517,-7.53212,-2.4713142,-1
964,965,1566049092873,-3.1719,2.1945999,-3.7861998,-3.623356,-7.013134,-2.7968392000000004,-1
965,966,1566049092883,-3.9254,2.8279998,-4.2012997,-4.1478205,-6.779526700000001,-2.9884138,-1
966,967,1566049092893,-5.1215997,2.0326,-3.6667,-4.844446700000001,-8.029894,-2.1040916000000003,-1
967,968,1566049092904,-5.6247997000000005,0.7039,-2.3755999,-5.1320386,-9.029635,-1.157836,-1
968,969,1566049092914,-5.5169997,-0.033299997000000005,-0.5719,-4.8593197,-9.886377,1.041248,-1
969,970,1566049092924,-5.042,-0.39679998,1.1901,-4.465732,-10.1374235,2.2415377999999997,-1
970,971,1566049092934,-5.042,-0.39679998,1.1901,-4.0475035,-10.10401,2.9886916,-1
971,972,1566049092944,-4.044699700000001,-0.087699994,2.0209,-3.4101477,-9.806785000000001,2.7487733,-1
972,973,1566049092955,-3.7986998999999995,0.1126,1.4769999999999999,-3.2329001,-9.600700999999999,2.2351406000000003,-1
973,974,1566049092965,-3.6926,0.37039998,0.648,-3.1907048,-9.380137,1.1868441,-1
974,975,1566049092975,-3.8165998,0.3626,-0.064399995,-3.3818386,-9.427619,0.71506184,-1
975,976,1566049092985,-4.015,0.2077,-0.41529998,-3.5669966,-9.561981,0.44224736,-1
976,977,1566049092996,-4.0589,-0.1819,-0.8197,-3.6271677,-10.039806,-0.06843586,-1
977,978,1566049093006,-3.6516,-0.5704,-1.1636,-3.0862122000000003,-10.411961999999999,-0.36942533,-1
978,979,1566049093016,-2.8615,-0.6924,-0.92719996,-2.4256518,-10.481824000000001,-0.024401702,-1
979,980,1566049093026,-1.8894999,-0.6861,0.0241,-1.3924006000000002,-10.42446,1.2025405,-1
980,981,1566049093037,-1.1744,-0.6211,1.2890999,-0.93693733,-10.385521,2.1548675999999998,-1
981,982,1566049093047,-0.69189996,-0.49859998,2.2354,-0.53896356,-10.264163,2.9750924,-1
982,983,1566049093057,-0.5414,-0.3583,2.3114,-0.6289664,-10.013978999999999,2.4543536,-1
983,984,1566049093067,-0.7539,-0.1118,1.5304999,-0.88700384,-9.846231,1.5694088,-1
984,985,1566049093078,-1.0437,0.0844,-0.015199998999999999,-1.2910494,-9.599275,-0.60993725,-1
985,986,1566049093088,-1.3219,0.2801,-1.6872,-1.5084621,-9.340318,-1.7464264999999999,-1
986,987,1566049093098,-1.5342,0.6331,-2.7632,-1.7821575,-9.215674,-2.5935335,-1
987,988,1566049093108,-1.7594,0.4084,-3.2213,-2.0180917000000003,-9.602453,-2.7244482000000003,-1
988,989,1566049093118,-1.9717,-0.1586,-2.9698,-2.1724508,-10.292692,-2.1568406,-1
989,990,1566049093129,-1.913,-0.6468,-2.2747998,-2.0488334,-10.732077,-1.4118415000000002,-1
990,991,1566049093139,1.1448,-11.6971,12.1928,3.3229222000000003,-13.016278,12.1059265,-1
991,992,1566049093149,1.9580000000000002,1.4534999,-0.355,-0.28640398,-8.470906,-3.9621644,-1
992,993,1566049093159,-0.1393,1.4124,-4.2422,-0.44189300000000004,-9.436803999999999,-5.2802873,-1
993,994,1566049093169,0.1313,-1.5698,-4.0211,-0.616823,-11.059000000000001,-2.933893,-1
994,995,1566049093180,-0.5832,-0.6968,-3.6710000000000003,-1.0835487,-9.640884,-3.8084471,-1
995,996,1566049093190,-0.58739996,0.40219998,-3.8381,-0.28021738,-9.774051,-2.8429804,-1
996,997,1566049093200,0.13949999,-0.1652,-2.9431998999999998,-0.0005554548,-10.315322,-1.9170563999999999,-1
997,998,1566049093210,0.2721,-0.36969998,-1.8605,-0.46634263,-9.824032,-1.3979840000000001,-1
998,999,1566049093220,-0.218,-0.0938,-1.4553,-0.7662116,-9.980402,-1.1442465,-1
999,1000,1566049093230,-0.6594,-0.3673,-1.2214999,-1.3055774,-10.357211,-0.88346046,-1
1000,1001,1566049093241,-1.1012,-0.4942,-0.9088,-1.4100698,-10.102514999999999,-1.0862014,-1
1001,1002,1566049093251,-1.0485,-0.2192,-1.2548,-1.1124227,-9.915022,-1.481465,-1
1002,1003,1566049093261,-0.7539,-0.12109999,-1.4915,-0.7386208000000001,-10.018834,-1.5456775,-1
1003,1004,1566049093271,-0.2908,-0.2191,-1.5458,-0.37617698,-9.948856,-1.8913236,-1
1004,1005,1566049093281,-0.0936,-0.0328,-1.9911,-0.4392977,-9.928925999999999,-2.2176244,-1
1005,1006,1566049093292,-0.22459999,-0.0229,-2.2913,-0.3900059,-10.092949,-1.7193338,-1
1006,1007,1566049093302,-0.1029,-0.3563,-1.3705,-0.427116,-9.96031,-0.5956295,-1
1007,1008,1566049093312,-0.16899999999999998,-0.1506,-0.4849,-0.7587512,-10.163003,0.7537043000000001,-1
1008,1009,1566049093322,-0.5506,-0.3768,1.2644,-0.83271295,-10.379553999999999,2.6792743,-1
1009,1010,1566049093332,-0.5862,-0.5643,2.8985999,-0.7809885999999999,-10.098495,3.7029297,-1
1010,1011,1566049093343,-0.50159997,-0.2519,4.4156,-0.21482694,-9.607510000000001,4.4595265,-1
1011,1012,1566049093353,0.018000000000000002,0.198,4.7753,-0.28058130000000003,-10.198169,5.939593299999999,-1
1012,1013,1566049093363,0.1838,-0.3117,6.7324996,-0.05377377,-10.119304,6.420645700000001,-1
1013,1014,1566049093373,-0.0639,-0.1925,5.33,-0.19912097,-9.987815,5.4427959999999995,-1
1014,1015,1566049093383,-0.0639,-0.1925,5.33,-0.45078029999999997,-10.182253,3.7912663999999996,-1
1015,1016,1566049093394,-0.008599999,-0.2483,2.5974998,-0.31929073,-10.129102,2.6999892999999995,-1
1016,1017,1566049093403,0.0543,-0.1399,1.6898999,-0.17776470000000003,-9.956757000000001,1.64542,-1
1017,1018,1566049093413,0.0543,-0.1399,1.6898999,-0.44259214,-10.098015,1.6186624,-1
1018,1019,1566049093423,-0.0253,-0.1792,0.6053,-0.2667811,-9.996549,0.623747,-1
1019,1020,1566049093433,-0.0253,-0.1792,0.6053,-0.11489295,-10.070654,-0.019450495,-1
1020,1021,1566049093444,0.0828,-0.1892,0.33449998,-0.16957653,-9.999115,0.34824142,-1
1021,1022,1566049093453,0.0828,-0.1892,0.33449998,-0.21842779999999998,-9.974274000000001,1.0375705,-1
1022,1023,1566049093463,-0.026999999,-0.1601,1.234,-0.27875212,-9.974416999999999,1.1914122,-1
1023,1024,1566049093473,-0.0049,-0.1604,0.6091,-0.29025385,-9.977749000000001,0.7159908,-1
1024,1025,1566049093483,-0.0049,-0.1604,0.6091,-0.20498198,-10.008137,-0.053926997000000004,-1
1025,1026,1566049093494,0.053299997,-0.17109999,0.0072,-0.20506816,-9.996108,-0.16399324,-1
1026,1027,1566049093504,0.1095,-0.2012,-0.1633,-0.15044206,-10.011067,-0.3682474,-1
1027,1028,1566049093514,0.076699995,-0.18259999,-0.047799997000000004,-0.17450857,-9.992775,-0.3002329,-1
1028,1029,1566049093524,0.0731,-0.1936,0.0378,-0.17408718,-10.002946000000001,-0.26481786,-1
1029,1030,1566049093534,0.0307,-0.2145,-0.0257,-0.19259916,-10.01779,-0.35916856,-1
1030,1031,1566049093545,0.057099998,-0.1964,-0.0524,-0.19095194,-10.0042,-0.44900858,-1
1031,1032,1566049093555,0.034399997,-0.1979,-0.0916,-0.21359152,-9.988141,-0.55523455,-1
1032,1033,1566049093565,0.0115,-0.17,-0.1451,-0.24926512,-9.983189999999999,-0.6340611999999999,-1
1033,1034,1566049093575,-0.030599998,-0.16149999,-0.1248,-0.24454376,-9.976227,-0.63149464,-1
1034,1035,1566049093585,0.0449,-0.1726,-0.1382,-0.18435353,-9.954957,-0.7022577,-1
1035,1036,1566049093595,0.1013,-0.17359999,-0.1563,-0.10718363,-9.999564999999999,-0.7178199000000001,-1
1036,1037,1566049093606,0.1775,-0.17449999,-0.1592,-0.06832094,-9.957351,-0.73027945,-1
1037,1038,1566049093616,0.17549999,-0.1752,-0.17600000000000002,-0.03590345,-9.98361,-0.72765535,-1
1038,1039,1566049093626,0.21429999,-0.22459999,-0.1687,-0.04939717,-9.987547,-0.7457172,-1
1039,1040,1566049093636,0.14819999,-0.2052,-0.117199995,-0.09492531,-10.011191,-0.6828455,-1
1040,1041,1566049093646,0.106599994,-0.2739,-0.0508,-0.12927732,-10.068767999999999,-0.6080315,-1
1041,1042,1566049093656,0.12799999,-0.3229,0.0033,-0.1116943,-10.148849,-0.5448916,-1
1042,1043,1566049093666,0.27109998,-0.382,0.4524,0.21423317,-10.143103,0.0030454244,-1
1043,1044,1566049093677,0.6706,-0.2847,0.4768,0.4630769,-10.119208,-0.14818193,-1
1044,1045,1566049093687,0.7236,-0.4429,0.0993,0.2560168,-10.422353,-0.7820611999999999,d
1045,1046,1566049093697,0.0969,-1.1412,-0.4705,-0.748686,-11.737095,-1.068561,-1
1046,1047,1566049093707,-0.6441,-2.4194,-0.19919999,-0.8456415999999999,-12.633695,-0.53284395,-1
1047,1048,1566049093717,-0.0208,-3.1504,1.1977,0.16552553,-12.959785,2.3514988,-1
1048,1049,1566049093727,0.8583,-3.1078,4.2798,0.94892746,-12.666955,4.747242,-1
1049,1050,1566049093737,1.8598,-2.4945998,6.704,1.7026701000000002,-12.079801,6.154889,-1
1050,1051,1566049093747,2.3773,-1.6904999,7.0727,2.0297372,-11.19998,5.819797,-1
1051,1052,1566049093757,1.9933,-1.2046,5.7798,1.4698864999999999,-10.936637,4.548245400000001,-1
1052,1053,1566049093767,0.7797,-1.0583,3.7063,0.05097734,-10.840676,2.4057033,-1
1053,1054,1566049093778,-0.45679998,-0.90139997,2.1813,-1.1506724,-10.433978,1.151429,-1
1054,1055,1566049093788,-1.3654,-0.4113,1.3320999,-1.656711,-10.037471,0.75034285,-1
1055,1056,1566049093798,-1.8715998999999999,0.13229999,0.8698,-2.0280994999999997,-9.344195,0.4255167,-1
1056,1057,1566049093808,-2.1114,0.7240000000000001,0.4439,-2.0754857,-8.930123,0.07462248,-1
1057,1058,1566049093818,-2.019,1.1862,-0.19049999,-1.7682807,-8.32508,-0.58477896,-1
1058,1059,1566049093828,-1.6603,1.7254,-0.9088,-1.4003303,-7.861524,-1.0504129,-1
1059,1060,1566049093839,-1.1873,2.3030999,-1.3827,-0.8884404,-7.2761320000000005,-1.4035958999999998,-1
1060,1061,1566049093849,-0.7708,2.6157,-1.7269,-0.5851141,-7.178774400000001,-1.6500263,-1
1061,1062,1566049093859,-0.3953,2.6048,-2.0303,-0.22572534,-7.302325,-1.8821968999999998,-1
1062,1063,1566049093869,-0.1629,2.4471998,-2.1475,-0.032427065,-7.514997,-1.8237782999999999,-1
1063,1064,1566049093879,-0.0098,2.2703,-2.1201,-0.004654328,-7.5808277,-1.7269568,-1
1064,1065,1566049093890,0.032199997,2.1624,-2.0321999,-0.18420029999999998,-7.725619999999999,-1.6826067,-1
1065,1066,1566049093900,-0.20179999,2.0349998,-1.9765999,-0.56572115,-8.083323,-1.6430831000000001,-1
1066,1067,1566049093910,-0.6903,1.4566,-1.9476999,-1.1692995000000002,-8.988226,-1.6088938999999998,-1
1067,1068,1566049093921,-1.1051999,0.6525,-1.8592999,-1.2879273,-9.60208,-1.6434567,-1
1068,1069,1566049093931,-1.1186,-0.0047,-1.9492999,-1.1056328000000002,-10.162333,-1.8977592,-1
1069,1070,1566049093941,-0.8577,-0.40739998,-2.1991,-0.5780369000000001,-10.455948,-1.9854923,-1
1070,1071,1566049093951,-0.3358,-0.6437,-2.2440999,-0.43011355,-10.563255999999999,-2.0812604,-1
1071,1072,1566049093961,0.0011999999,-0.9784,-2.4254,-0.17006494,-11.259806,-2.3157485,-1
1072,1073,1566049093972,0.1777,-1.4504,-2.5537999,-0.057451262999999995,-11.44594,-2.1135726000000004,-1
1073,1074,1566049093982,0.3667,-1.6673,-2.2428,0.102845326,-11.410114,-1.4586339,-1
1074,1075,1566049093993,0.4985,-1.6092,-1.6599,0.10583329,-11.201108999999999,-0.9593183000000001,-1
1075,1076,1566049094003,0.428,-1.0313,-0.3988,-0.036660016000000004,-10.834127,-0.25631365,-1
1076,1077,1566049094013,0.0703,-0.71739995,-0.08339999599999999,-0.4505792,-10.482246,0.11718181,-1
1077,1078,1566049094024,-0.3121,-0.35439998,0.086399995,-0.7751659000000001,-10.153943,0.21210712,-1
1078,1079,1566049094033,-0.68549997,-0.0797,0.12109999,-1.199495,-9.830658999999999,0.21679977,-1
1079,1080,1566049094044,-0.9478,0.126,-0.0087,-1.4149828000000002,-9.677009,0.12349292,-1
1080,1081,1566049094054,-1.0756,0.2333,-0.2719,-1.5392514,-9.559492,-0.233789,-1
1081,1082,1566049094064,5.0126,-1.7876999,-1.3120999,4.545689,-11.594430000000001,-1.1834826,-1
1082,1083,1566049094074,1.2498,0.18259999,-0.5135,0.364771,-9.23978,-0.8528051,-1
1083,1084,1566049094084,-0.0029,-0.9227,-1.193,-0.5617755,-10.685409,-0.60545534,-1
1084,1085,1566049094094,-0.019,-0.107499994,-0.6228,-0.399372,-9.970088,-0.52487606,-1
1085,1086,1566049094105,-0.096,-0.4983,-0.15079999,-0.42355344,-10.416845,0.11800542,-1
1086,1087,1566049094115,0.0457,-0.6247,0.0651,-0.30753043,-10.326279,0.16112977,-1
1087,1088,1566049094125,0.0968,-0.4082,0.1619,-0.22350352,-10.254404,0.29967743,-1
1088,1089,1566049094135,0.104899995,-0.29979998,0.20799999,-0.22159773,-10.06306,0.20293254,-1
1089,1090,1566049094146,0.118599996,-0.4075,0.0801,-0.20977037,-10.156614999999999,0.07054275,-1
1090,1091,1566049094156,0.14549999,-0.27989998,-0.0414,-0.17732416,-10.089013000000001,-0.04354574,-1
1091,1092,1566049094166,0.1567,-0.3191,-0.1175,-0.17555244,-10.124533999999999,-0.10135135,-1
1092,1093,1566049094176,0.1515,-0.2408,-0.078,-0.19868043,-10.053905,-0.065658584,-1
1093,1094,1566049094186,0.1875,-0.2313,-0.0407,-0.12751518,-9.996596,-0.034438197000000004,-1
1094,1095,1566049094196,0.23399999999999999,-0.1629,-0.035,-0.11279563,-9.995457,-0.006751649,-1
1095,1096,1566049094207,0.31939998,-0.0945,-0.0607,-0.03871903,-9.910739999999999,-0.037905004,-1
1096,1097,1566049094217,0.2954,-0.104499996,-0.048699997,-0.08792466,-9.924924,0.014642938000000001,-1
1097,1098,1566049094227,0.2597,-0.0949,-0.0184,-0.15840995,-9.923085,0.021241358,-1
1098,1099,1566049094237,0.1628,-0.1244,-0.019399998999999998,-0.27420312,-9.950982000000002,0.110822804,-1
1099,1100,1566049094247,0.0548,-0.1638,0.0953,-0.39732257,-9.983831,0.19767487,-1
1100,1101,1566049094258,-0.103199996,-0.2521,0.1192,-0.46182236,-10.051041,0.16827407,-1
1101,1102,1566049094268,-0.074499995,-0.23269999,0.0134,-0.43266097,-10.008635,0.099943556,-1
1102,1103,1566049094278,0.0137,-0.15439999,-0.1327,-0.29854736,-9.95487,-0.06947015,-1
1103,1104,1566049094288,0.063,-0.13509999,-0.2193,-0.31932905,-9.954525,-0.08505162,-1
1104,1105,1566049094299,0.0232,-0.1648,-0.2545,-0.33964145,-9.955483000000001,-0.08359595,-1
1105,1106,1566049094309,0.0415,-0.16489999,-0.2277,-0.29612446,-9.987029,0.032264262,-1
1106,1107,1566049094319,0.0297,-0.1748,-0.1779,-0.30697498,-10.012819,0.08427589999999999,-1
1107,1108,1566049094329,0.047,-0.23369999,-0.1157,-0.30200459999999996,-10.034818,0.007565677,-1
1108,1109,1566049094339,0.0938,-0.2043,-0.1986,-0.22908679,-10.002735000000001,-0.025905262999999998,d
1109,1110,1566049094349,0.14119999,-0.2043,-0.2015,-0.18649873,-10.020069,-0.07625053,-1
1110,1111,1566049094360,0.1692,-0.22389999,-0.2323,-0.17745824,-10.046932,0.014719552,-1
1111,1112,1566049094370,0.168,-0.22389999,-0.1153,-0.18293616,-9.972933,0.13939042,-1
1112,1113,1566049094380,0.1671,-0.22389999,-0.0083,-0.15456009,-9.998224,0.31457895,-1
1113,1114,1566049094390,0.23519999,-0.2043,0.0972,-0.12491987,-9.976944999999999,0.35186145,-1
1114,1115,1566049094400,0.1858,-0.1749,0.15089999,-0.17377116,-9.994547,0.3578757,-1
1115,1116,1566049094410,0.1662,-0.2438,0.1433,-0.09504023,-9.997679,0.35833538,-1
1116,1117,1566049094421,0.2454,-0.1655,0.1143,-0.13717818,-9.984166,0.3430891,-1
1117,1118,1566049094431,0.15779999,-0.1364,0.0951,-0.37163758,-9.935841,0.29084763,-1
1118,1119,1566049094441,-0.0779,-0.107099995,0.0585,-0.6953719,-9.957274,0.33158737,-1
1119,1120,1566049094451,-0.345,-0.1463,0.0751,-0.8645367,-9.901652,0.29129773,-1
1120,1121,1566049094461,-0.5452,-0.0677,0.0173,-0.83453256,-9.800492,0.07135679,-1
1121,1122,1566049094472,-0.4933,0.0011999999,-0.18159999,-0.5196279,-9.764119,0.025723303,-1
1122,1123,1566049094482,-0.161,0.0314,-0.1673,-0.45951435,-9.958088,0.18279251,-1
1123,1124,1566049094492,-2.0813,-0.71129996,0.2616,-2.0500784,-10.580964,0.41995254,-1
1124,1125,1566049094502,-2.8423,-0.35689998,0.47379997,-3.1000313999999998,-10.165474,0.60684395,-1
1125,1126,1566049094512,-2.8423,-0.35689998,0.47379997,-3.4619582,-10.127923,0.84624493,-1
1126,1127,1566049094522,-3.7675,-0.3261,1.3672,-3.9949458,-10.135392999999999,1.3947278,-1
1127,1128,1566049094533,-3.7675,-0.3261,1.3672,-4.397660299999999,-10.155946,1.7057058999999997,-1
1128,1129,1566049094543,-4.3585,-0.3171,2.3374,-4.603006,-10.127989999999999,2.2358012,-1
1129,1130,1566049094553,-3.7817,-0.4558,2.9506,-3.9517542999999997,-10.210465,2.9694037,-1
1130,1131,1566049094563,-3.7540998,-0.3594,3.8334,-4.0285506,-10.1685,3.602728,-1
1131,1132,1566049094573,-3.7203998999999994,-0.4003,4.5682,-3.9104977,-10.116652,4.50335,-1
1132,1133,1566049094584,-3.3432,-0.1564,5.2929,-3.6443198,-9.963039,4.992897,-1
1133,1134,1566049094594,-2.6541997999999998,0.0687,5.1352,-2.8292472,-9.725861,4.7410846,-1
1134,1135,1566049094604,-2.4315999,0.1381,4.2879,-2.7541842,-9.668389,4.0179973,-1
1135,1136,1566049094614,-1.4426999,-0.105399996,2.2969,-1.7178781000000003,-9.869847,1.8059273,-1
1136,1137,1566049094624,-1.7660999,-0.57449996,0.11669999,-2.0821702,-10.389294,-0.046026133,-1
1137,1138,1566049094634,-2.1162999,-0.4457,-1.0807999,-2.3200102000000005,-10.270091,-1.308977,-1
1138,1139,1566049094645,-1.0727,-0.63159996,-1.9174999,-1.3566504,-9.83155,-1.5715252,-1
1139,1140,1566049094655,-0.28579998,-0.6022,-1.8599,-0.8461109,-10.323338,-1.7065008000000002,-1
1140,1141,1566049094665,0.22119999,-0.10229999599999999,-1.0451,0.28213271,-10.309835000000001,-1.4541136000000001,-1
1141,1142,1566049094675,0.5336,-0.1811,-1.2684,0.26692477,-9.824883999999999,-1.208976,-1
1142,1143,1566049094685,0.9033,0.21069999,-1.6954,1.0198341999999998,-9.972196,-2.538074,-1
1143,1144,1566049094695,1.7034999,-0.2997,-3.9517998999999997,1.3991715,-10.02614,-4.0896797,-1
1144,1145,1566049094706,2.0869,-0.0061,-5.2901998,2.285572,-9.945217,-5.841986,-1
1145,1146,1566049094716,2.842,-0.1245,-6.8806996,2.542077,-9.958222,-6.962797999999999,-1
1146,1147,1566049094726,2.7563999,-0.4779,-7.9393997,2.4658456,-10.286878999999999,-7.722775500000001,-1
1147,1148,1566049094736,2.1283998,-0.40919998,-7.2832,1.4858031999999999,-10.121814,-6.4193335,-1
1148,1149,1566049094746,1.6890999,-0.3795,-6.2894998,1.2541307,-10.240997,-5.624344000000001,-1
1149,1150,1566049094757,1.2666998999999999,-0.35,-5.2297997,1.0477505,-10.185902,-4.3813505,-1
1150,1151,1566049094767,1.5102999,-0.46829998,-4.272599700000001,1.4011251,-10.2852125,-3.8479226000000004,-1
1151,1152,1566049094777,1.7333,-0.4894,-4.1812,1.0309719000000002,-10.35632,-4.243243700000001,-1
1152,1153,1566049094787,1.3314999,-0.74689996,-4.8491,0.7932373,-10.618716000000001,-4.7764516,-1
1153,1154,1566049094797,0.40359998,-0.7897,-5.9424,-0.14769351,-10.751039,-6.0273166,-1
1154,1155,1566049094808,0.5696,-1.1962,-6.5544,-0.30691752,-10.702608,-6.4900199999999995,-1
1155,1156,1566049094818,-0.5105,-0.72029996,-7.6432,-0.82352877,-10.573369,-7.093961999999999,-1
1156,1157,1566049094828,0.63229996,-0.9791,-6.9579997,-0.2529905,-10.4031315,-6.8920639999999995,-1
1157,1158,1566049094838,-0.5778,-0.17719999,-7.7425,-0.27243143,-10.153561,-6.095944,-1
1158,1159,1566049094848,1.2707,-0.6972,-5.5186,-0.16247052,-9.750885,-4.9949174,-1
1159,1160,1566049094858,0.8531,-0.3331,-4.1710997,-0.85247946,-9.136465,-3.89822,-1
1160,1161,1566049094869,-0.44099998,0.61079997,-4.2722,-0.8823495000000001,-9.277617999999999,-3.3615932,-1
1161,1162,1566049094879,-0.4123,0.47649997,-2.9113,-0.5387816,-9.621942500000001,-1.5385043999999999,-1
1162,1163,1566049094889,-0.1858,0.3812,-1.163,-0.47412854,-9.663353,-0.08253292,-1
1163,1164,1566049094899,0.9104,-0.22469999,1.4808999,-0.56466764,-9.246780000000001,1.4914153,-1
1164,1165,1566049094909,-0.3081,0.5805,1.3787,-0.5978034000000001,-9.886778999999999,2.4038455,-1
1165,1166,1566049094920,0.075399995,-0.35079998,2.3553,0.28112715,-11.1999035,3.036633,-1
1166,1167,1566049094930,-0.0535,-0.6159,2.6028,-1.6128875,-10.166001,1.2392771,-1
1167,1168,1566049094941,-0.7356,-0.6656,1.9352,-0.5331983,-10.745254,2.216705,-1
1168,1169,1566049094951,-0.1436,-0.8351,2.2597,-0.62677324,-10.633857,1.8367646,-1
1169,1170,1566049094961,0.0499,-1.3396,3.4482,-0.5205474,-11.069937,3.2573402000000002,-1
1170,1171,1566049094971,0.1475,-1.3367,4.2788,0.18339585,-11.13389,4.827735400000001,-1
1171,1172,1566049094981,0.70669997,-1.3564,5.849,0.36003047,-11.0123415,5.6818237,-1
1172,1173,1566049094993,1.6784999,-0.9313,8.7743,1.0220847,-10.710547,7.339233999999999,-1
1173,1174,1566049095003,2.0135999,-1.0916,9.7697,1.4830738,-10.822462,8.644658,-1
1174,1175,1566049095013,1.864,-1.4943,9.4362,1.2140708999999998,-11.350872,8.057542,-1
1175,1176,1566049095023,2.1512,-1.8636999,7.7121997,1.5355165000000002,-11.578541,6.481573,-1
1176,1177,1566049095033,2.1512,-1.7103,6.2931,3.0794797000000003,-11.370994,4.9624906,-1
1177,1178,1566049095045,4.6545,-1.4368,5.973,4.2620907,-11.029053,4.7676888,-1
1178,1179,1566049095055,5.3273,-1.0619,6.2049,4.6133394,-10.729117,4.986796400000001,-1
1179,1180,1566049095065,5.2669,-0.8104,5.7999,4.5477095,-10.529124000000001,4.666481,-1
1180,1181,1566049095075,4.7239,-0.4371,4.8273,3.8534483999999996,-10.165493,3.517274,-1
1181,1182,1566049095085,3.6427,-0.6299,3.3899,2.614947,-10.472085,2.0539186000000003,-1
1182,1183,1566049095096,2.5112997999999997,-0.7635,2.5082,1.391194,-10.377514,1.4660273000000001,-1
1183,1184,1566049095107,1.5465,-0.48639998,2.2569999999999997,0.7331236999999999,-10.133047,1.5497858999999998,-1
1184,1185,1566049095117,0.70699996,-0.1425,2.3421,-0.062153477,-9.707769,1.6225791999999999,-1
1185,1186,1566049095127,0.0385,0.2488,2.1513999,-0.47394659999999994,-9.414479,1.3377649999999999,-1
1186,1187,1566049095137,-0.44329998,0.4622,1.3958,-0.74327517,-9.191857,-0.049531247,-1
1187,1188,1566049095147,-0.5983,0.74289995,-0.1892,-0.65648055,-8.886214,-1.319818,-1
1188,1189,1566049095157,-0.4378,1.1495,-1.6516,-0.5287930000000001,-8.618025,-2.511939,-1
1189,1190,1566049095168,-0.5531,1.1719998999999999,-2.2745,-0.65923864,-8.758785000000001,-2.6392243,-1
1190,1191,1566049095178,-0.8594,0.8303,-2.2489,-1.0732823999999999,-9.394235,-2.208335,-1
1191,1192,1566049095188,-1.2571,0.2034,-1.6994,-1.3750571000000003,-9.956536999999999,-1.6478331999999998,-1
1192,1193,1566049095198,-1.6755999,-0.48279998,-1.1553,-1.7382766,-10.518858,-1.0740771,-1
1193,1194,1566049095208,-1.9088,-0.777,-0.7170000000000001,-1.8794578000000002,-10.595664,-0.82214016,-1
1194,1195,1566049095219,-2.0688999,-0.728,-0.44599998,-2.0210319,-10.443594000000001,-0.6436189,-1
1195,1196,1566049095228,-2.1869,-0.4534,-0.5726,-2.0758781,-10.111144,-0.83761626,-1
1196,1197,1566049095238,-2.322,0.0174,-0.9422,-2.2296432999999998,-9.480358,-1.3030586000000002,-1
1197,1198,1566049095248,-2.5225,0.5568,-1.3754,-2.4779793999999997,-9.095964,-1.6234028,-1
1198,1199,1566049095258,-2.906,0.9001,-1.8500999,-2.970601,-8.778407000000001,-2.3106632,-1
1199,1200,1566049095269,-3.3042,1.1551,-2.5103998,-3.2733622,-8.6453,-2.79366,-1
1200,1201,1566049095278,-3.6348,1.0866,-3.0957,-3.5732887000000004,-8.94966,-3.3794443999999997,-1
1201,1202,1566049095288,-3.787,0.7338,-3.4241998,-3.6329808,-9.259412,-3.429493,-1
1202,1203,1566049095298,-3.7203,0.24399999,-3.2947998,-3.4416267999999994,-9.932030000000001,-2.975083,-1
1203,1204,1566049095308,-3.4045,-0.33399999999999996,-2.6378,-3.0986043999999997,-10.308408,-2.2266266,-1
1204,1205,1566049095318,-2.8232,-0.5494,-1.653,-2.4347692000000003,-10.325005,-1.0887775,-1
1205,1206,1566049095329,-2.2948,-0.5593,-0.78999996,-6.524161299999999,-16.589470000000002,-6.0170884000000004,-1
1206,1207,1566049095339,-3.0725,-7.7970996,-3.0686,1.3924965,-7.527025,1.6308824,-1
1207,1208,1566049095349,0.4888,0.1636,0.5553,-0.60481364,-11.214805,-0.65251577,-1
1208,1209,1566049095359,0.4059,-0.1616,-0.1013,0.102462254,-9.98587,-0.062364165,-1
1209,1210,1566049095369,0.107099995,0.072399996,0.4965,-1.4543436,-9.858153999999999,-0.23581929999999998,-1
1210,1211,1566049095380,-1.5853,-0.26139998,-0.196,-2.7213933,-10.191302,-0.7148416,-1
1211,1212,1566049095390,-2.7389997999999998,-0.1334,-0.2394,-3.7277818,-10.1047945,-0.7523251999999999,-1
1212,1213,1566049095400,-3.7301998,-0.40719998,-0.7222,-4.2589498,-10.134263,-1.2521867,-1
1213,1214,1566049095410,-4.2781997,-0.2593,-1.171,-4.9871798,-10.052707,-1.4797603000000001,-1
1214,1215,1566049095420,-4.9442,-0.1902,-1.2928,-5.3516827000000005,-9.921141,-1.4808424999999998,-1
1215,1216,1566049095431,-5.3234,-0.1705,-1.1753,-5.5941668,-10.174888000000001,-1.079421,-1
1216,1217,1566049095441,-5.3153,-0.35700000000000004,-0.79929996,-4.568251999999999,-10.404558,-0.57808477,-1
1217,1218,1566049095451,-4.3226,-0.593,-0.382,-3.9773917,-10.2930565,-0.47681963,-1
1218,1219,1566049095461,-3.8098998,-0.40739998,-0.2599,-4.944898,-10.2477865,-0.54127157,-1
1219,1220,1566049095472,-5.2811,-0.5255,-0.5027,-5.952033,-10.585360000000001,-0.9024608000000001,-1
1220,1221,1566049095482,-5.674299700000001,-0.7712,-0.723,-5.6347537,-10.626769,-0.35076013,-1
1221,1222,1566049095492,-5.292000000000001,-0.82119995,-0.1716,-4.822382,-10.428348,0.31867779999999996,-1
1222,1223,1566049095502,-4.4969997,-0.51879996,0.6583,-5.612813500000001,-10.0576105,0.9501533000000001,-1
1223,1224,1566049095512,-5.1907,-0.25579998,1.1244999,-4.2462316,-9.9076185,1.0770364,-1
1224,1225,1566049095523,-1.0187,-0.1331,0.86319995,-1.5456486999999999,-9.937354,0.6960805999999999,-1
1225,1226,1566049095534,-1.0187,-0.1331,0.86319995,-2.2666482999999995,-8.955655,0.47644612,-1
1226,1227,1566049095544,0.49049997,0.66749996,-0.1012,-0.108304106,-9.1336975,-0.26621607,-1
1227,1228,1566049095554,0.49049997,0.66749996,-0.1012,-1.185331,-8.868583000000001,-0.5655392,-1
1228,1229,1566049095564,1.6958,0.0008,-0.91709995,1.1145775,-9.789689,-1.0767491000000002,-1
1229,1230,1566049095574,-0.6739,-0.34059998,-0.93539995,1.8905191000000003,-10.993811,-1.3452731000000002,-1
1230,1231,1566049095585,-1.1007,0.4931,-0.5319,-1.6565961,-9.306991,-0.73863035,-1
1231,1232,1566049095595,2.1555998,-1.016,-0.6049,0.7957848000000001,-10.414309,-0.64926916,-1
1232,1233,1566049095605,1.8146,-0.8793,-0.1131,1.3437888999999998,-10.684527000000001,-0.42346725,-1
1233,1234,1566049095615,2.3755,-0.7236,0.4367,2.366678,-10.436813,0.31329566,-1
1234,1235,1566049095625,5.0274997,-0.87259996,0.509,4.5624194000000005,-10.66907,0.13252385,-1
1235,1236,1566049095636,4.8431,0.0964,0.3516,4.999323,-9.825994999999999,-0.17935443,-1
1236,1237,1566049095646,5.4813,0.32119998,-0.22929999,5.907616,-9.630388,-1.1312507,-1
1237,1238,1566049095656,6.0445,0.10529999400000001,-1.0827,5.5869083,-9.75164,-1.6966176,-1
1238,1239,1566049095666,5.7331,0.0174,-1.6024,5.270538,-9.772634,-2.074231,-1
1239,1240,1566049095676,4.7973,0.1846,-1.7164999,4.431821,-9.740666000000001,-2.158871,-1
1240,1241,1566049095687,5.627999999999999,-0.2663,-1.7673,5.027019,-10.094845,-2.2107294,-1
1241,1242,1566049095697,4.8898997,-0.31559998,-1.3909999,4.233782,-10.1429205,-1.7630422,-1
1242,1243,1566049095707,4.0539,-0.5514,-0.7879999999999999,3.5086644000000002,-10.2755785,-1.1677383999999997,-1
1243,1244,1566049095718,3.4805998999999996,-0.38529998,-0.2568,2.976979,-10.213348,-0.54772633,-1
1244,1245,1566049095729,3.3156,-0.3761,0.1505,2.9217880000000003,-10.091961999999999,-0.41492474,-1
1245,1246,1566049095739,3.2752,-0.1998,0.066599995,3.0115323,-9.922022,-0.6570743,-1
1246,1247,1566049095749,3.3158,-0.12109999,-0.18419999,2.8443692000000005,-9.865423,-0.8775228,-1
1247,1248,1566049095759,2.9441,-0.1301,-0.51129997,2.1014867,-10.052277,-1.1362115,-1
1248,1249,1566049095769,2.0514997999999998,-0.3548,-0.6357,0.4687847,-10.390203,-1.0197575,-1
1249,1250,1566049095779,0.6313,-0.6678,-0.4159,-0.02173935,-10.499522,-0.73644686,-1
1250,1251,1566049095790,0.2983,-0.638,-0.1363,-0.17417338,-10.407461,-0.6457736999999999,-1
1251,1252,1566049095800,0.2505,-0.60859996,-0.131,-0.18036,-10.389677,-0.745066,-1
1252,1253,1566049095810,0.19119999,-0.5208,-0.3116,-0.25810453,-10.200209,-0.9558898000000001,-1
1253,1254,1566049095820,0.18779999,-0.32569999,-0.5001,-0.30330703,-10.044327000000001,-0.9056116,-1
1254,1255,1566049095830,0.1593,-0.1801,-0.3524,-0.2749118,-9.88835,-0.6247334,-1
1255,1256,1566049095840,0.2884,-0.054399997,-0.085099995,-0.24706246,-9.762473,-0.45360547,-1
1256,1257,1566049095851,0.4059,0.0711,0.0155,-0.15750973,-9.684507,-0.41323924,-1
1257,1258,1566049095861,0.479,0.1086,0.0568,-0.21966322,-9.636786,-0.39417177,-1
1258,1259,1566049095871,0.4175,0.1564,0.018099999,-0.3024643,-9.683924000000001,-0.43418370000000006,-1
1259,1260,1566049095881,0.2997,0.0967,-0.051999997,-0.49985188,-9.689852,-0.6073611,-1
1260,1261,1566049095892,0.0984,0.037499998,-0.2927,-1.0364308,-9.91119,-0.7979586999999999,-1
1261,1262,1566049095902,-0.42639998,-0.1682,-0.4006,-1.2810894,-9.933103,-0.6906696999999999,-1
1262,1263,1566049095912,-0.59029996,-0.1484,-0.30269998,-1.2391908999999999,-9.864177999999999,-0.5310148,-1
1263,1264,1566049095922,-0.3128,0.0578,-0.0517,-0.99924403,-9.721675,-0.4355436,-1
1264,1265,1566049095932,-0.3128,0.0578,-0.0517,-0.79096764,-9.646535,-0.4979365,-1
1265,1266,1566049095943,-0.0708,0.15619999,-0.13499999,-0.69871426,-9.655901,-0.49935386,-1
1266,1267,1566049095953,-0.0212,0.1276,-0.1281,-0.6510121,-9.658603,-0.46730986,-1
1267,1268,1566049095963,0.018000000000000002,0.031999997999999995,-0.0385,-0.61624837,-9.756391,-0.41985680000000003,-1
1268,1269,1566049095973,0.018000000000000002,0.031999997999999995,-0.0385,-0.58317965,-9.8306875,-0.38152084,-1
1269,1270,1566049095983,0.0685,-0.0545,-0.0347,-0.47276863,-9.99085,-0.4506175,-1
1270,1271,1566049095993,0.1592,-0.4827,-0.1687,-0.34434366,-10.34073,-0.59693193,-1
1271,1272,1566049096004,0.2656,-0.6385,-0.36229998,-0.24539610000000003,-10.438001,-0.75900024,d
1272,1273,1566049096014,0.32029998,-0.8929,-0.4432,-0.15761508,-10.774865,-0.8621233,-1
1273,1274,1566049096024,0.34700000000000003,-1.1679,-0.3906,-0.12922943,-10.964849000000001,-0.840949,-1
1274,1275,1566049096034,0.34700000000000003,-1.1679,-0.3906,-0.16791016,-10.643203,-0.63590956,-1
1275,1276,1566049096044,-0.39479998,-1.8385999,0.8135,-0.8933629000000001,-11.632679,0.33493924,-1
1276,1277,1566049096054,-1.3029,-2.3813,2.3641,-1.8897243000000001,-12.207546,2.0734169999999996,-1
1277,1278,1566049096065,-1.0006,-2.3463,3.7814998999999996,-1.1836072,-11.981802,3.5830089999999997,-1
1278,1279,1566049096075,0.6987,-1.9102,4.0487,0.42225100000000004,-11.660528,3.4307377,-1
1279,1280,1566049096085,3.1938,-1.652,2.6123,2.3514892999999994,-11.415611,2.2513924,-1
1280,1281,1566049096095,5.3828998,-1.2779,0.45839998,4.72127,-10.953778999999999,-0.11674127,-1
1281,1282,1566049096105,6.9561,-0.62049997,-1.3151,6.257601,-10.087528,-1.7809509,-1
1282,1283,1566049096116,7.7545,0.0863,-2.1031,6.647702000000001,-9.559895,-2.124835,-1
1283,1284,1566049096126,7.6103997,0.4527,-2.3469,6.0348825,-9.300478,-2.2841642,-1
1284,1285,1566049096136,6.5382,0.3042,-2.8355,5.074721299999999,-9.511933,-2.737329,-1
1285,1286,1566049096146,5.1113,-0.17279999,-3.6415,3.3876230000000005,-10.12415,-3.4100997000000004,-1
1286,1287,1566049096156,3.8699,-0.6459,-3.4922998,2.5490873,-10.466215,-2.9266433999999997,-1
1287,1288,1566049096166,3.0316,-0.7538,-2.2123,1.8329528999999998,-10.418339999999999,-1.2093592,-1
1288,1289,1566049096177,2.4966,-0.47829998,-0.733,1.4981956,-10.157487,-0.05919424400000001,-1
1289,1290,1566049096187,2.0051,-0.1542,0.4412,1.0316807,-9.778159,1.0823228,-1
1290,1291,1566049096197,1.4434999,0.16849999,1.0035,0.4537108,-9.47963,1.3848924999999999,-1
1291,1292,1566049096207,0.76589996,0.43069997,1.0618,0.015705964,-9.274152,1.2523781999999999,-1
1292,1293,1566049096217,0.1231,0.71059996,0.67149997,-0.44985133,-9.0453615,0.8569805,-1
1293,1294,1566049096227,-0.5509,0.96889997,-0.16659999,-1.0562546999999998,-8.696017999999999,-0.24615267,-1
1294,1295,1566049096237,-1.018,1.412,-1.2937,-1.3526281999999998,-8.299185000000001,-1.176367,-1
1295,1296,1566049096247,-1.3603,1.9126999,-2.2858999,-1.6612025000000001,-7.761265,-2.1426766,-1
1296,1297,1566049096258,-1.7097,2.217,-2.6624,-2.0809636,-7.576403,-2.1908095000000003,-1
1297,1298,1566049096267,-2.1664999,2.1979,-2.4196,-2.263143,-7.6119330000000005,-2.021348,-1
1298,1299,1566049096277,-2.6526,1.6301,-1.9705,-2.7954986,-8.352038,-1.4857363000000001,-1
1299,1300,1566049096287,-3.0972,0.6313,-1.2093999,-3.1923807,-9.579526,-0.54921067,-1
1300,1301,1566049096297,-3.2338,-0.3281,-0.28849998,-3.1472067999999997,-10.679413,0.48153144,-1
1301,1302,1566049096308,-3.0526,-1.0818,0.45099998,-2.931566,-11.063979,0.9053146999999999,-1
1302,1303,1566049096318,-2.6646,-1.4042,1.0515,-2.3571392999999996,-11.171594,1.4721084,-1
1303,1304,1566049096328,-2.2017999,-1.2564,1.3787,-2.048479,-10.93318,1.5138059,-1
1304,1305,1566049096338,-1.8959,-0.92249995,1.2324,-1.8879238,-10.501026,1.1257536,-1
1305,1306,1566049096348,-1.8896998999999999,-0.6085,0.87799996,-2.0562264999999997,-10.383375,0.8131571,-1
1306,1307,1566049096358,-2.2721999,-0.5202,0.5531,-2.5853837000000004,-10.24681,0.51497364,-1
1307,1308,1566049096369,-2.6864998,-0.3927,0.3198,-2.8312201,-10.1916275,0.18421945,-1
1308,1309,1566049096379,-2.9119,-0.324,-0.2208,-3.0055563,-10.137097,-0.4815889,-1
1309,1310,1566049096389,-2.9543,-0.324,-0.7109,-2.962432,-10.083142,-0.7201088000000001,-1
1310,1311,1566049096399,-2.7229,-0.226,-0.773,-2.5854793,-9.946271000000001,-0.6230479,-1
1311,1312,1566049096409,-2.3548,-0.059299998,-0.5625,-2.2604425,-9.798844,-0.37051708,-1
1312,1313,1566049096420,-1.9305999,0.097399995,-0.1787,-1.8515990000000002,-9.721483000000001,0.085578345,-1
1313,1314,1566049096430,-1.6003,0.0872,0.2978,-1.5164874,-9.727717,0.6990399,-1
1314,1315,1566049096440,-1.2371,0.0278,0.7837,-1.2772586000000001,-9.848500999999999,1.032332,-1
1315,1316,1566049096450,-0.9112,-0.0906,1.2249,-1.0182636,-9.922310000000001,1.3148956,-1
1316,1317,1566049096461,-0.5477,-0.1112,1.3218,-0.72077924,-9.979989999999999,1.1737239,-1
1317,1318,1566049096471,-0.3448,-0.1612,0.9737,-0.55579954,-10.012858,0.35660198,-1
1318,1319,1566049096481,-0.2243,-0.1819,0.1839,-0.5406778,-9.984463,-0.25351724,-1
1319,1320,1566049096491,-0.2075,-0.22199999,-0.5099,-0.64238346,-9.976677,-0.7951048000000001,-1
1320,1321,1566049096501,-0.3039,-0.1345,-0.81659997,-0.84746116,-9.865566000000001,-0.6784496999999999,-1
1321,1322,1566049096511,-0.44349998,-0.0568,-0.6924,-1.0095966,-9.878782000000001,-0.40652588,-1
1322,1323,1566049096521,-0.62479997,-0.077,-0.37269998,-1.1445339,-9.895723,0.053879116,-1
1323,1324,1566049096531,-0.7188,-0.0874,0.0312,2.2538536,-11.372717,0.9293046,-1
1324,1325,1566049096541,5.0931,-4.9522,1.4958,0.37791994,-9.602596,0.97318554,-1
1325,1326,1566049096551,0.8096,0.2059,0.97309995,-0.8184818,-9.859188,0.16600436,-1
1326,1327,1566049096561,-0.42100000000000004,-0.1357,0.084199995,-0.7732984,-10.449982,-0.41654322,-1
1327,1328,1566049096571,-0.375,-0.6451,-0.4005,-0.9906153,-10.454281,-0.2780243,-1
1328,1329,1566049096582,-0.2444,-0.4974,-0.098699994,-0.31342018,-10.175673,0.01748725,-1
1329,1330,1566049096592,0.06,-0.3696,-0.005,-0.4324024,-9.890371,-0.06678865,-1
1330,1331,1566049096602,-0.0805,-0.0752,-0.1259,-0.4300178,-10.077866,-0.19686083,-1
1331,1332,1566049096612,-0.0541,-0.2713,-0.19739999,-0.5482913,-10.180251,-0.23268767,-1
1332,1333,1566049096622,-0.1524,-0.21239999,-0.20009999,-0.51765513,-10.026208,-0.19801964,-1
1333,1334,1566049096632,-0.1524,-0.21239999,-0.20009999,-0.38338829999999996,-10.006269,-0.03814442,-1
1334,1335,1566049096643,0.21,-0.046,0.0997,-0.16517119,-9.863747,0.12070607,-1
1335,1336,1566049096653,0.3696,0.0126,0.0436,-0.047022123,-9.779557,0.09688856,-1
1336,1337,1566049096663,0.45709997,0.0224,-0.1804,0.10025001,-9.780610000000001,-0.1876671,-1
1337,1338,1566049096673,0.18599999,-0.14389999,-0.37449998,-0.1539376,-9.922127,-0.36100733,-1
1338,1339,1566049096683,0.098,-0.1926,-0.4289,-0.2613702,-10.004602,-0.44089705,-1
1339,1340,1566049096694,0.1178,-0.3198,-0.18699999,-0.23692062,-10.116996,-0.1689253,-1
1340,1341,1566049096704,0.1284,-0.3391,0.0165,-0.21413739999999998,-10.144166,-0.015370775,-1
1341,1342,1566049096714,0.1214,-0.21139999,0.0515,-0.19835483,-10.023938000000001,0.03865199,-1
1342,1343,1566049096724,0.1558,-0.2995,0.1034,-0.18047494,-10.110857000000001,0.08970595,-1
1343,1344,1566049096734,0.153,-0.2602,0.0541,-0.16384001,-10.079771000000001,0.069106236,-1
1344,1345,1566049096744,0.122899994,-0.2209,0.0211,-0.20641848,-10.029655,-0.011683704,-1
1345,1346,1566049096754,0.0954,-0.2602,-0.0345,-0.21968237,-10.051758999999999,-0.08724471,-1
1346,1347,1566049096764,0.12789999,-0.2014,-0.0821,-0.2088127,-10.014726,-0.10011594,-1
1347,1348,1566049096774,0.1021,-0.1918,-0.0714,-0.24606647,-9.994978999999999,-0.06228755,-1
1348,1349,1566049096784,0.0668,-0.1821,-0.0314,-0.27166528,-9.992393,-0.030837318,-1
1349,1350,1566049096794,0.0796,-0.1528,-0.0393,-0.25979963,-9.970654,-0.061396908,-1
1350,1351,1566049096804,0.08109999400000001,-0.14299999,-0.07400000000000001,-0.26247156,-9.952792,-0.060056157,-1
1351,1352,1566049096814,0.081199996,-0.1725,-0.047399998,-0.28450778,-9.981676,-0.056273315,-1
1352,1353,1566049096825,0.070599996,-0.1724,-0.097399995,-0.27128220000000003,-9.979242999999999,-0.08281065,d
1353,1354,1566049096835,0.1083,-0.1626,-0.23339999,-0.22874203,-10.000255000000001,-0.21522915,-1
1354,1355,1566049096845,0.105799995,-0.2704,-0.1325,-0.23842418,-9.938695,-0.099435985,-1
1355,1356,1566049096855,0.0929,-0.15259999,-0.0989,-0.23954466,-10.005186,-0.068694435,-1
1356,1357,1566049096865,0.0707,-0.2505,-0.0656,-0.25954103,-10.0576105,-0.06619488400000001,-1
1357,1358,1566049096875,0.0881,-0.221,-0.0426,-0.22142535,-10.0074,-0.022869416,-1
1358,1359,1566049096886,0.1063,-0.1818,-0.0308,-0.21403205,-9.984463,0.018081011,-1
1359,1360,1566049096896,0.1256,-0.2504,-0.0106999995,-0.22313002,-10.071813,-0.03530011,-1
1360,1361,1566049096906,0.11639999599999999,-0.221,-0.0898,-0.22591688,-10.013423,-0.084697284,-1
1361,1362,1566049096916,0.1174,-0.16219999,-0.08109999400000001,-0.22103270000000003,-9.975268,-0.07893205,-1
1362,1363,1566049096927,0.1286,-0.2701,-0.14019999,-0.18976443,-10.032519,-0.14061625,-1
1363,1364,1566049096937,0.1103,-0.1427,-0.0802,-0.23550326,-9.968307000000001,-0.04621767,-1
1364,1365,1566049096947,0.0231,-0.1329,0.050699997999999996,-0.32697135,-9.958749000000001,0.13781026,-1
1365,1366,1566049096957,0.0132,-0.1329,0.0963,-0.31267315,-9.908433,0.002231396,-1
1366,1367,1566049096968,0.0401,-0.1328,-0.040599998,-0.30310592,-9.914541999999999,-0.14779887,-1
1367,1368,1566049096978,-0.0734,-0.1621,-0.1029,-0.5217253,-10.0624275,-0.12823345,-1
1368,1369,1566049096988,-0.31739998,-0.2698,-0.0301,-0.7551504,-10.11307,0.0033901897,-1
1369,1370,1566049096998,-0.5431,-0.3187,0.1972,-0.95768064,-10.082692,0.28664342,-1
1370,1371,1566049097008,-0.7177,-0.26,0.5696,-0.9894851999999998,-10.1389265,0.5445564,-1
1371,1372,1566049097018,-0.5254,-0.3096,0.7726,-0.5702318000000001,-10.111182000000001,0.6549099,-1
1372,1373,1566049097028,-0.112799995,-0.2911,0.97389996,-0.07524497,-10.096214999999999,0.9239415999999999,-1
1373,1374,1566049097039,0.3423,-0.31239998,1.2538999,0.36353558,-10.118250999999999,1.1427621000000001,-1
1374,1375,1566049097049,0.8691,-0.30519998,1.7281,0.85674113,-10.122444999999999,1.5890412,-1
1375,1376,1566049097059,1.6234,-0.33789998,2.3337,1.8325506,-10.033735,2.2001565,-1
1376,1377,1566049097069,2.4872,-0.19469999,2.7396998,2.3977162999999995,-10.003646,2.2251327,-1
1377,1378,1566049097079,2.9752998,-0.2865,2.6141999,2.9642612999999995,-9.868574,2.1160528999999997,-1
1378,1379,1566049097089,3.5581,-0.0738,2.6424,3.2320669,-9.842295,1.9423201,-1
1379,1380,1566049097100,3.4615,-0.46809998,1.8994999,3.3461172999999995,-10.184838000000001,0.8641919,-1
1380,1381,1566049097110,3.7956,-0.2828,1.2774999,3.9055176,-9.951260000000001,0.2864806,-1
1381,1382,1566049097120,4.2395997,-0.057699997,0.7133,3.8834910000000002,-9.88879,-0.021873426,-1
1382,1383,1566049097130,4.1039,-0.479,-0.0289,4.2514415,-9.633396000000001,-0.6615562,-1
1383,1384,1566049097140,4.579,0.17889999,-0.16229999,3.8843622000000004,-9.953577000000001,-1.3858597,-1
1384,1385,1566049097150,3.9940998999999997,-0.3786,-1.2354,3.8084471,-9.722182,-2.1532013,-1
1385,1386,1566049097161,4.2809,0.4371,-1.492,3.5211906,-9.522027,-2.5496522999999995,-1
1386,1387,1566049097171,3.5042,0.0862,-2.4004998,2.3848643,-9.677335000000001,-3.7990427,-1
1387,1388,1566049097181,2.5221,0.088999994,-3.4938998,1.5473341999999999,-9.757137,-4.694205999999999,-1
1388,1389,1566049097191,1.5253999,0.032899998,-4.4909,0.2422166,-9.823735000000001,-5.484321,-1
1389,1390,1566049097201,0.2717,-0.0919,-5.1636,-0.84616834,-9.941098,-5.979193,-1
1390,1391,1566049097212,-0.99189997,-0.18769999,-5.7830997,-1.8382202,-9.906823,-6.4397707,-1
1391,1392,1566049097222,-1.6315,-0.0095999995,-6.1526,-2.3264554,-9.782765,-6.518425,-1
1392,1393,1566049097232,-2.0479,0.0208,-6.2007,-2.7472507999999998,-9.905731,-6.339195,-1
1393,1394,1566049097242,-3.0128,0.031799997999999996,-5.6285996,-3.2937033,-9.76932,-5.9128256,-1
1394,1395,1566049097252,-3.0128,0.031799997999999996,-5.6285996,-3.5490593999999995,-9.738281,-5.5689707,-1
1395,1396,1566049097263,-4.3094997,-0.1537,-4.2012,-4.578987000000001,-9.9656725,-4.461796,-1
1396,1397,1566049097272,-4.3094997,-0.1537,-4.2012,-4.571594,-9.785839999999999,-4.32638,-1
1397,1398,1566049097283,-4.4537997,-0.084699996,-3.9436,-5.1197230000000005,-9.952246,-4.1586614,-1
1398,1399,1566049097293,-4.7244,0.0337,-4.8097997,-5.0004625,-9.799237,-4.875801,-1
1399,1400,1566049097303,-5.1699,-0.2209,-5.2906,-5.443715,-10.028324000000001,-5.4791403,-1
1400,1401,1566049097313,-5.1699,-0.2209,-5.2906,-6.0744348,-10.382025,-4.8967266,-1
1401,1402,1566049097323,-5.4263,0.21959999,-4.3915,-5.67783,-9.59165,-4.639724,-1
1402,1403,1566049097333,-5.4263,0.21959999,-4.3915,-6.0625877,-10.043859,-3.2865207,-1
1403,1404,1566049097343,-6.4821,-0.8242,0.2031,-6.7033625,-10.634383,-0.20511605,-1
1404,1405,1566049097354,-6.3301997000000005,-0.22039999,1.8313999,-6.4094695999999995,-9.847677000000001,1.6032723,-1
1405,1406,1566049097364,-6.1021,-0.0782,3.5497,-6.293801,-9.874569000000001,2.9689634,-1
1406,1407,1566049097374,-6.027,-0.691,5.626,-6.0348535000000005,-10.505651,5.340783999999999,-1
1407,1408,1566049097384,-4.8403,-0.6064,6.5393,-5.0422173,-10.400183,5.841325299999999,-1
1408,1409,1566049097394,-3.5246,-0.7159,6.3785,-3.3868186000000002,-10.509138,5.540116,-1
1409,1410,1566049097404,-2.4513,-0.4901,5.1610000000000005,-2.6942909999999998,-10.278116,4.4523725999999995,-1
1410,1411,1566049097415,-2.3943,-0.8322,4.0319,-2.6742754,-10.576596,3.08966,-1
1411,1412,1566049097425,-2.5398998,-0.7044,3.2972998999999996,-2.9497714,-10.550969,2.6606476000000003,-1
1412,1413,1566049097435,-2.6488,-0.87259996,3.8929,-2.8555167,-10.680333000000001,3.4541147000000003,-1
1413,1414,1566049097445,-2.0095,-0.6705,5.8229999999999995,-2.3018047999999998,-10.455105999999999,5.0822773,-1
1414,1415,1566049097455,-1.0615,-0.25439999,7.8089,-1.222853,-9.970125999999999,7.2971535,-1
1415,1416,1566049097466,-0.153,-0.1034,9.0866995,-0.47937664,-9.878208,8.222723,-1
1416,1417,1566049097476,0.7704,-0.38239998,9.394899,0.6246089,-10.269238,8.465782,-1
1417,1418,1566049097486,1.8584,-1.0210999,8.5166,1.6166798999999998,-10.940189,7.043559599999999,-1
1418,1419,1566049097496,0.9402,-1.3921,6.9849,0.24264756,-11.239235,5.869701999999999,-1
1419,1420,1566049097506,-0.3399,-1.2610999,5.9642,-0.4552718,-10.686711,5.1297307,-1
1420,1421,1566049097516,0.61439997,-1.0317,4.785599700000001,0.68402344,-10.730678,3.798765,-1
1421,1422,1566049097527,2.3794,-0.685,3.8690998999999997,2.93781,-10.51431,2.5587695,-1
1422,1423,1566049097537,3.9359,-0.4272,3.1028,3.8783097,-10.254930499999999,2.1905412999999996,-1
1423,1424,1566049097547,4.6981,-0.5426,2.3792999,4.8178043,-10.490702,1.0812118999999998,-1
1424,1425,1566049097557,4.6867,-0.030399999,2.5649,4.4880457,-9.8752775,1.6718231,-1
1425,1426,1566049097567,4.496299700000001,-0.0178,1.9369999,4.4210080000000005,-10.182339,0.36527857,-1
1426,1427,1566049097578,4.950999700000001,-0.18069999,0.1428,4.309812,-9.743405000000001,-1.1449169,-1
1427,1428,1566049097587,4.5267,0.1174,-1.0339,3.9738288,-9.559598,-2.0962958,-1
1428,1429,1566049097597,4.0009,0.4254,-2.5159,3.6033216,-9.434944999999999,-4.333438,-1
1429,1430,1566049097607,3.9227,0.3209,-4.7065,3.4895775,-9.567508,-5.9495525,-1
1430,1431,1566049097618,3.8216,0.0389,-6.7816997,3.5681746,-10.166011,-7.7723830000000005,-1
1431,1432,1566049097629,3.4722,0.1484,-7.6928997,2.927266,-9.872452000000001,-7.803325699999999,-1
1432,1433,1566049097640,2.6383,-0.1937,-7.877999999999999,1.7118255,-10.233919,-8.035055999999999,-1
1433,1434,1566049097650,1.6669999,-0.5656,-7.8416996,0.87033063,-10.299693,-7.3421164,-1
1434,1435,1566049097660,1.0841,-0.3005,-7.0108,0.26672363,-10.143208,-6.675121000000001,-1
1435,1436,1566049097670,0.4594,-0.46719998,-6.4642,0.2649998,-9.847812,-6.255148999999999,-1
1436,1437,1566049097680,0.6056,0.0030999999,-6.2014,0.12402923,-9.785103,-6.168986299999999,-1
1437,1438,1566049097691,0.41779998,0.1008,-6.0592,-0.16765158,-9.632649,-5.9337606,-1
1438,1439,1566049097701,0.16569999,0.19839999,-5.9983997,-0.5933119000000001,-9.614692999999999,-6.1651940000000005,-1
1439,1440,1566049097711,-0.7240000000000001,0.0409,-6.6015997,-2.348894,-10.410946000000001,-6.6924834,-1
1440,1441,1566049097721,-2.271,-0.7244,-6.8178,-3.4466546,-10.746585000000001,-6.29948,-1
1441,1442,1566049097732,-3.4763,-0.7543,-6.410599700000001,-4.018706,-10.217945,-6.9455504,-1
1442,1443,1566049097742,-3.9896998,-0.6464,-6.6731,-4.3081455,-10.453659,-6.394989499999999,-1
1443,1444,1566049097752,-3.9896998,-0.6464,-6.6731,-4.4145536,-10.198275,-5.4791594,-1
1444,1445,1566049097763,-4.1372,-0.0755,-3.4075,-4.4408994,-9.884223,-3.1931756,-1
1445,1446,1566049097773,-4.1372,-0.0755,-3.4075,-4.8224487,-10.109229,-1.4186795,-1
1446,1447,1566049097783,-4.5937,-0.35869998,-1.0957999,-4.923618299999999,-10.244981,0.092808835,-1
1447,1448,1566049097793,-4.3735,0.005,-0.060099997,-4.0996876,-10.058931,0.74757516,-1
1448,1449,1566049097804,-3.7814998999999996,-0.3083,0.40899998,-4.076195200000001,-10.117522,0.4699339,-1
1449,1450,1566049097814,-4.0161,-0.377,-0.065,-4.3600135,-9.97682,-0.7837371,-1
1450,1451,1566049097824,-3.7798,-0.1514,-1.4646,-4.0788,-9.967808999999999,-1.432834,-1
1451,1452,1566049097834,-4.0473,-0.2101,-1.1819,-4.325317,-9.984088999999999,-1.0273136,-1
1452,1453,1566049097844,-4.093,-0.29819998,-0.4362,-4.383008,-10.107659,-0.46669695,-1
1453,1454,1566049097854,-4.1784,-0.46499997,0.9521,-4.474753400000001,-10.205601,1.0258292,-1
1454,1455,1566049097865,-3.8109998999999997,-0.39729998,1.8109,-4.1736298,-10.151109,2.1994287999999997,-1
1455,1456,1566049097875,-3.6945,-0.3306,2.7888,-4.0000596,-10.131907,2.649682,-1
1456,1457,1566049097885,-3.5556,-0.3437,3.9311,-3.6538007000000006,-10.198964,3.9230335,-1
1457,1458,1566049097895,-3.1476,-0.5639,5.2492,-3.4008102,-10.43872,5.035456,-1
1458,1459,1566049097906,-2.5969,-0.8926,6.5745997,-2.8948388,-10.692782000000001,6.026541,-1
1459,1460,1566049097916,-2.5637999,-0.848,6.8771996,-2.9883277,-10.60095,6.2699833,-1
1460,1461,1566049097926,-3.0200999,-0.6648,6.232,-3.4190254,-10.314259,5.260827,-1
1461,1462,1566049097936,-2.9227,-0.4315,5.4395,-3.0515632999999998,-10.188467999999999,4.6044903,-1
1462,1463,1566049097946,-1.7380999,-0.3057,4.8513,-1.1836072,-10.074255,3.9884720000000002,-1
1463,1464,1566049097957,0.2534,-0.27789998,4.3771,0.21371602,-9.96844,3.4247236000000005,-1
1464,1465,1566049097966,0.23339999,-0.0244,4.0926,-0.27650157,-9.828945,3.3967497000000004,-1
1465,1466,1566049097976,0.3663,-0.016099999,4.246299700000001,0.36667678,-9.855711999999999,3.5911207000000003,-1
1466,1467,1566049097986,1.5349,-0.0967,4.705899700000001,0.8127453,-9.834078,4.158326000000001,-1
1467,1468,1566049097996,1.9876,-0.5491,4.687599700000001,2.5717654,-10.604523,3.7529782999999997,-1
1468,1469,1566049098006,1.8648,-0.3838,4.9386,0.7502949000000001,-10.502616,4.2332454,-1
1469,1470,1566049098016,1.4939,-1.4340998999999999,4.5513,1.1348708,-11.183173,3.8109944,-1
1470,1471,1566049098027,0.89159995,-1.0231999,5.5495996,0.902116,-10.935725999999999,4.939123,-1
1471,1472,1566049098037,1.4764999,-0.9648,5.8012,1.0584862,-10.671646,5.025726000000001,-1
1472,1473,1566049098047,1.8751999,-1.1206,5.2953,1.7539060000000002,-10.732287,4.254860400000001,-1
1473,1474,1566049098057,2.4905,-0.8822,4.1626997,1.7947893,-10.265149000000001,3.0421875,-1
1474,1475,1566049098067,2.1297998,-0.3775,3.2192,2.6301646,-10.398306,1.7692289,-1
1475,1476,1566049098077,3.3260998999999996,-0.0777,1.1186,3.0172972999999996,-9.829069,-0.35930264,-1
1476,1477,1566049098088,3.6557,0.0648,-0.5229,2.8669512000000004,-9.4035425,-1.5726073999999999,-1
1477,1478,1566049098098,3.5902,0.4811,-1.9275,2.1328795,-8.90961,-2.8271213,-1
1478,1479,1566049098108,3.7217,-0.035299998,-4.2599,3.2012490000000002,-9.529104,-5.1269436,-1
1479,1480,1566049098118,3.3689999999999998,0.3979,-5.3364,2.7721982000000005,-9.930353,-6.2157307,-1
1480,1481,1566049098128,3.3116,-0.25759998,-6.5519,1.7435151000000002,-9.419575,-6.383641000000001,-1
1481,1482,1566049098138,2.0453,-0.040599998,-6.0861998,0.51808614,-9.620209,-5.257063400000001,-1
1482,1483,1566049098149,0.9392,-0.3335,-5.1562,0.63990307,-10.42944,-5.1384739999999995,-1
1483,1484,1566049098158,0.73789996,-0.32259998,-4.1733,-0.05271074,-10.124801,-3.5117671,-1
1484,1485,1566049098168,0.6056,-0.6454,-3.3364,0.26568937,-10.255419,-3.1617347999999996,-1
1485,1486,1566049098178,0.3539,-0.18419999,-2.4668999,0.18022592,-10.467794999999999,-2.8045106,-1
1486,1487,1566049098188,0.5361,-0.48819998,-2.3923,0.00866701,-9.96958,-2.1122222,-1
1487,1488,1566049098198,0.3509,-0.28239998,-1.7644,0.040567353,-10.050963000000001,-2.1814720000000003,-1
1488,1489,1566049098208,0.49429998,-0.2042,-2.0699,0.28459397,-9.848664,-2.154887,-1
1489,1490,1566049098219,0.6592,0.0211,-2.0214,0.33633748,-9.829616,-2.6200802000000003,-1
1490,1491,1566049098229,0.5775,-0.0669,-2.5904,0.20178333,-9.935956,-3.187669,-1
1491,1492,1566049098239,0.4736,-0.0862,-3.2805998,0.13344322,-10.004957000000001,-3.4184222,-1
1492,1493,1566049098249,0.4368,-0.2135,-2.7891998,0.23660459,-9.999508,-2.2952158,-1
1493,1494,1566049098260,0.4491,-0.2821,-0.78959996,-0.06357084,-10.119150999999999,-0.5533383000000001,-1
1494,1495,1566049098269,0.1787,-0.3114,-0.0774,-0.17321570000000003,-10.08297,-0.14412136,-1
1495,1496,1566049098279,0.1592,-0.3015,0.17979999,-0.16693331,-10.109861,0.03223553,-1
1496,1497,1566049098289,0.1936,-0.3013,0.2789,-0.09251195,-10.123557,0.13468821,-1
1497,1498,1566049098299,0.26119998,-0.3108,0.2584,-0.13293566,-10.06193,0.0069623385,-1
1498,1499,1566049098309,0.23279999,-0.2126,0.054199997,-0.18465999,-10.00332,-0.40213013,-1
1499,1500,1566049098320,0.1662,-0.1635,-0.3588,-0.27633876,-9.942947,-0.60363567,-1
1500,1501,1566049098330,0.0694,-0.1245,-0.6337,-0.35277125,-9.926705,-0.6662296999999999,-1
1501,1502,1566049098340,-0.0195,-0.124699995,-0.638,-0.39118382,-9.896519,-0.53255665,-1
1502,1503,1566049098350,0.0061,-0.075899996,-0.4184,-0.34088644,-9.85892,-0.33425927,-1
1503,1504,1566049098360,0.078,-0.0369,-0.35689998,-0.32881009999999994,-9.887947,-0.32085174,-1
1504,1505,1566049098371,0.12619999,-0.095699996,-0.3752,-0.24591324,-9.951393,-0.24175692,-1
1505,1506,1566049098381,0.1024,-0.1348,-0.2191,-0.30269409999999997,-10.003463,0.020226216,-1
1506,1507,1566049098391,0.0565,-0.18349999,0.0219,-0.30502132,-9.982662,0.06893385,-1
1507,1508,1566049098401,0.058599997,-0.19299999,0.021699998999999998,-0.33382833,-10.070979,0.08046433,-1
1508,1509,1566049098411,0.0799,-0.25149998,0.0431,-0.29635426,-10.074284,0.083998166,-1
1509,1510,1566049098421,0.0629,-0.27089998,0.064399995,-0.2586025,-10.104326,0.006349423000000001,-1
1510,1511,1566049098432,0.0871,-0.3001,0.006,-0.21715410000000002,-10.114889999999999,-0.048592715999999994,-1
1511,1512,1566049098442,0.2507,-0.3295,-0.2384,-0.09862196,-10.132978999999999,-0.27653990000000006,-1
1512,1513,1566049098452,0.2507,-0.3295,-0.2384,0.011358093500000001,-10.180098,-0.4101363,-1
1513,1514,1566049098462,0.3619,-0.40809998,-0.4017,0.031957805,-10.255533999999999,-0.50899774,d
1514,1515,1566049098473,0.3787,-0.4869,-0.385,-0.014326903,-10.492809,-0.45508987,-1
1515,1516,1566049098483,0.1644,-0.8806,-0.067999996,-0.22316833,-10.691652000000001,-0.17649096,-1
1516,1517,1566049098493,0.1454,-1.2350999,0.53139997,-0.27188557,-10.887201,0.27533320000000006,-1
1517,1518,1566049098503,-0.0244,-1.8844999,2.0242,-0.49332047,-11.688808,1.9016665000000001,-1
1518,1519,1566049098514,-0.2555,-2.9171999,3.7775998,-0.64587903,-12.861968,3.861589,-1
1519,1520,1566049098524,1.5246998999999999,-3.4412,4.0841,0.92963016,-13.243172,4.0295277,-1
1520,1521,1566049098534,4.0592,-2.9569,2.6141,3.7916684000000003,-12.630199000000001,2.2064006000000003,-1
1521,1522,1566049098544,5.9347997,-2.1117,-0.4085,5.162349,-11.896825999999999,-0.22065921,-1
1522,1523,1566049098554,6.950999700000001,-1.0127,-3.3298,6.2078489999999995,-10.600826,-3.4000537000000004,-1
1523,1524,1566049098564,7.0884,-0.1778,-5.0306997,6.2447099999999995,-9.944834,-4.536103,-1
1524,1525,1566049098575,6.3216,0.1015,-5.1193,5.206086599999999,-9.655422999999999,-4.2568235,-1
1525,1526,1566049098585,5.0358,0.0325,-4.0489,4.278036,-9.721743,-3.3540754,-1
1526,1527,1566049098595,3.7410997999999998,0.0263,-2.8832998,2.8080537,-9.683003999999999,-1.9130247,-1
1527,1528,1566049098605,2.6666,0.28669998,-2.2818,1.758589,-9.3289585,-1.4244831,-1
1528,1529,1566049098615,1.8433,0.7436,-2.0461,1.2324202,-8.911678,-1.2136209,-1
1529,1530,1566049098626,1.0907999,1.1708,-1.6494,0.4983483,-8.439915,-0.6164590999999999,-1
1530,1531,1566049098636,0.4737,1.5582,-0.95919997,0.09045294,-8.102793,-0.026460717,-1
1531,1532,1566049098646,-0.16139999,2.0033998,-0.2949,-0.5493352,-7.635041999999999,0.5323651,-1
1532,1533,1566049098656,-0.7838,2.3887,-0.0941,-1.0031417999999999,-7.325616,0.59237343,-1
1533,1534,1566049098666,-1.4204999,2.5375,-0.3213,-1.7011952000000001,-7.392653500000001,0.19771318,-1
1534,1535,1566049098677,-2.1378999,1.8618,-0.7499,-2.2647328,-8.125193,-0.17794664,-1
1535,1536,1566049098686,-2.4998999,0.98999995,-1.0383999,-2.4986080000000004,-8.933484,-0.44101197,-1
1536,1537,1566049098696,-2.3116,0.6968,-1.0123,-2.1891909,-9.072519999999999,-0.35847902,-1
1537,1538,1566049098706,-1.8036,0.8163,-0.7269,-1.6772531000000002,-8.916371,0.033825282000000005,-1
1538,1539,1566049098716,-1.587,0.95589995,-0.1778,-1.53951,-8.842812,0.47093950000000007,-1
1539,1540,1566049098726,-1.7182,0.8797,0.2686,-1.8639339,-8.930708000000001,0.8466184999999999,-1
1540,1541,1566049098736,-2.2007,0.9015,0.52889997,-2.2978302999999998,-8.928562,0.9735494,-1
1541,1542,1566049098747,-2.9146,0.8346,0.44329998,-3.1846235000000003,-9.064983999999999,0.79546875,-1
1542,1543,1566049098757,-3.7972998999999996,0.49269998,0.20709999,-4.289594999999999,-9.818563000000001,0.38014176,-1
1543,1544,1566049098767,-4.6445,-0.39839998,-0.049799997,-4.7799087,-10.6670685,0.3457706,-1
1544,1545,1566049098777,-4.9653997,-1.3874999,0.21599999,-4.688029,-11.57651,0.8497405000000001,-1
1545,1546,1566049098787,-4.4989,-1.9157,0.9066,-4.0184474,-11.764982,1.5307376,-1
1546,1547,1566049098797,-3.2853,-1.8752999,1.7806,-2.3830352,-11.429162,2.2794619,-1
1547,1548,1566049098808,-1.7936,-1.3745999,2.1529999,-1.3091016000000002,-10.917541,2.2566118,-1
1548,1549,1566049098818,-0.6041,-0.74719995,1.8426,-0.22413560000000002,-10.260113,1.497487,-1
1549,1550,1566049098828,0.13589999,-0.3459,0.9881,0.14018529999999998,-10.026859,0.8056968000000001,-1
1550,1551,1566049098838,0.40299999999999997,-0.16049999,0.086899996,0.17049589999999998,-10.003414999999999,-0.16528611,-1
1551,1552,1566049098848,0.3038,-0.23959999,-0.5575,-0.018397043999999998,-10.122513,-0.45844173,-1
1552,1553,1566049098858,0.0167,-0.4754,-0.6441,-0.38284245,-10.446361999999999,-0.36104563,-1
1553,1554,1566049098869,-0.1999,-0.70089996,-0.3955,-0.49632758,-10.560652000000001,-0.106886744,-1
1554,1555,1566049098879,-0.3128,-0.7791,-0.0095,-0.63872516,-10.58853,0.31217518,-1
1555,1556,1566049098889,-0.4076,-0.7396,0.2938,-0.7498544,-10.500538,0.6091424,-1
1556,1557,1566049098899,-0.50299996,-0.6903,0.56799996,-0.8281927,-10.437733999999999,0.79483664,-1
1557,1558,1566049098910,-0.5882,-0.5823,0.7509999999999999,-0.9674107,-10.253447,0.8989269,-1
1558,1559,1566049098920,-0.71989995,-0.40579998,0.8689,-1.0290086999999999,-10.088324,0.89618796,-1
1559,1560,1566049098930,-0.7897,-0.2197,0.84059995,-1.0873506000000002,-9.901518,0.9048263000000001,-1
1560,1561,1566049098940,-0.8063,-0.0632,0.84209996,-1.0967933,-9.824693,0.7488488,-1
1561,1562,1566049098951,-0.7596,-0.0049,0.6085,-0.67714727,-9.992967,0.212902,-1
1562,1563,1566049098961,-0.091699995,-0.29,0.0437,1.4709976,-11.087108,-0.394258,-1
1563,1564,1566049098971,3.9801998,-2.5463998,-0.8262,0.19949447,-10.773764,-0.59003663,-1
1564,1565,1566049098981,0.31329998,-0.47739998,-0.5818,-0.43339837,-9.477552000000001,-0.12792699,-1
1565,1566,1566049098991,-0.0165,0.44489998,-0.0554,-0.27289109999999994,-10.099241000000001,-0.012172121000000001,-1
1566,1567,1566049099002,0.0815,-0.47649997,-0.1107,-0.33691204,-10.288861,-0.097855814,-1
1567,1568,1566049099012,-0.0202,-0.4759,-0.16139999,-0.40509894,-10.124131,0.041745300000000006,-1
1568,1569,1566049099022,-0.0986,-0.2696,0.0037,-0.33002633,-10.032786999999999,0.15893670000000001,-1
1569,1570,1566049099032,-0.0257,-0.22039999,0.0909,-0.12043792,-10.036598,0.10412862,-1
1570,1571,1566049099042,0.3178,-0.22029999,-0.0429,0.029975405,-10.027596,-0.00023942017000000003,-1
1571,1572,1566049099052,0.2915,-0.1321,-0.1081,-0.0036104560999999998,-9.956804,-0.045183375,-1
1572,1573,1566049099063,0.2653,-0.2499,-0.2426,-0.053400274000000005,-10.063404,-0.21948126,-1
1573,1574,1566049099073,0.20009999,-0.21079999,-0.23869999,-0.1394862,-10.030776,-0.21200177,-1
1574,1575,1566049099083,0.1742,-0.1618,-0.20459999,-0.15108371,-9.976869,-0.19080831,-1
1575,1576,1566049099093,0.1972,-0.2306,-0.17029999,-0.13322297,-10.01982,-0.15198392,-1
1576,1577,1566049099103,0.20989999,-0.19139999,-0.1463,-0.121462636,-10.003875,-0.14078863,-1
1577,1578,1566049099114,0.1043,-0.1425,-0.0852,-0.22007503,-9.958730000000001,-0.11016201,-1
1578,1579,1566049099124,-0.0313,-0.2014,-0.16319999,-0.35466745,-10.016286000000001,-0.15943468,-1
1579,1580,1566049099134,-0.059299998,-0.2112,-0.19409999,-0.36821866,-10.000667,-0.17536092,-1
1580,1581,1566049099144,-0.0089,-0.1721,-0.1484,-0.33605015,-9.984616,-0.13819332,-1
1581,1582,1566049099154,0.051,-0.1231,-0.1432,-0.27986303,-9.936157000000001,-0.12510183,-1
1582,1583,1566049099165,0.0508,-0.1525,-0.1484,-0.28064832,-9.963039,-0.12580094,-1
1583,1584,1566049099175,0.0881,-0.113199994,-0.103599995,-0.28099309999999994,-9.943425999999999,-0.06434657,-1
1584,1585,1566049099185,0.055,-0.17199999,-0.0778,-0.24764666,-9.977299,-0.041793186,-1
1585,1586,1566049099195,0.0888,-0.162,-0.0418,-0.22211489,-9.98204,-0.04882256,-1
1586,1587,1566049099206,0.1021,-0.1716,-0.103599995,-0.20018399,-10.026753999999999,-0.0474435,-1
1587,1588,1566049099216,0.1156,-0.2499,-0.0672,-0.20129491,-10.055100999999999,-0.051216763,-1
1588,1589,1566049099226,-0.027099999,-0.2497,0.0187,-0.46599784,-10.054200999999999,0.08285853,-1
1589,1590,1566049099236,-0.0312,-0.22999999,-0.0328,-0.27170357,-10.035546,-0.015140931000000002,-1
1590,1591,1566049099246,0.1244,-0.22019999,-0.1431,-0.11878113400000001,-10.023775,-0.12176909,d
1591,1592,1566049099256,0.22209999,-0.2006,-0.2032,-0.06225882,-10.011144,-0.11794795,-1
1592,1593,1566049099267,0.1743,-0.22019999,-0.1052,-0.16189592,-10.065980999999999,-0.051120992999999997,-1
1593,1594,1566049099277,0.12619999,-0.2595,-0.0846,-0.15496232,-10.105131,-0.060410495999999994,-1
1594,1595,1566049099287,0.08800000000000001,-0.0339,-0.11199999599999999,-0.19667888,-9.90713,-0.03949475,-1
1595,1596,1566049099297,0.1281,-0.2889,-0.079399996,-0.23249614,-10.008768,-0.040423702,-1
1596,1597,1566049099307,0.020299999,-0.2006,-0.0453,-0.3104705,-10.001088000000001,0.009634268,-1
1597,1598,1566049099318,-0.098,-0.16129999,-0.0277,-0.5349891,-10.044462,0.009107543000000001,-1
1598,1599,1566049099328,-0.315,-0.26909998,-0.0245,-0.6975363,-10.085986,-0.016730683,-1
1599,1600,1566049099338,-0.5121,-0.33769998,-0.0426,-0.8666244000000001,-10.018288,-0.042616792,-1
1600,1601,1566049099348,-0.5704,-0.16129999,0.048499997999999996,-0.77624804,-10.031916,0.11400231,-1
1601,1602,1566049099358,-0.1265,-0.2695,0.44669998,-0.11375331,-10.062811,0.6745041,-1
1602,1603,1566049099369,0.2995,-0.25059998,1.0331,0.15313315,-9.975739,1.7518852999999999,-1
1603,1604,1566049099379,0.5294,-0.1733,2.0974998,0.48639646,-10.092833500000001,2.3970747,-1
1604,1605,1566049099389,0.93869996,-0.3225,2.8332999,1.0142412,-10.132978999999999,2.7973373,-1
1605,1606,1566049099399,1.4246,-0.29479998,3.1269999,1.4961846,-10.004028,2.7769482000000005,-1
1606,1607,1566049099409,2.0097,-0.16929999,3.0805,2.0789046,-10.105619,2.393723,-1
1607,1608,1566049099419,2.5444999,-0.3574,2.6204998,2.835271,-10.24138,1.7787386000000003,-1
1608,1609,1566049099430,3.4822998,-0.2707,2.0816,3.5327406000000003,-9.950724000000001,1.7103508,-1
1609,1610,1566049099440,4.0159,0.1398,2.4893,3.5818790000000003,-10.145372,1.326359,-1
1610,1611,1566049099450,3.9959998,-0.4786,1.3948,3.7819002,-10.067714,0.7641526,-1
1611,1612,1566049099460,4.3573,-0.007999999,0.9184,3.8492824999999997,-9.727286999999999,-0.041745300000000006,-1
1612,1613,1566049099470,3.9893,-0.0175,0.0427,3.4642565000000003,-10.2945795,-1.5026393,-1
1613,1614,1566049099480,3.8358,-0.4678,-1.1962999,3.7500858,-9.89606,-1.8539932000000001,-1
1614,1615,1566049099491,4.1468,0.1017,-1.5825,3.6559844,-9.818305,-2.8894279999999997,-1
1615,1616,1566049099501,3.9104997999999997,-0.015099999499999999,-2.5319998,3.384501,-9.833072999999999,-3.1668105,-1
1616,1617,1566049099511,3.5939998999999996,0.0349,-2.8576,2.9028642000000002,-9.873324,-3.694579,-1
1617,1618,1566049099521,3.2089999,-0.0326,-3.3037,2.6288526,-9.612662,-3.8944945,-1
1618,1619,1566049099531,2.9301999,0.1942,-3.52,1.9447526000000002,-9.675839999999999,-4.228773,-1
1619,1620,1566049099541,1.9972999,0.06839999599999999,-3.9222,0.5886576,-9.863814,-4.802462,-1
1620,1621,1566049099552,0.86329997,-0.0471,-4.523,-0.046026133,-9.802302000000001,-5.5077169999999995,-1
1621,1622,1566049099562,0.063099995,-0.0058999998,-5.4495997,-1.4833516000000002,-10.139914,-6.7145863,-1
1622,1623,1566049099573,-1.6890999,-0.21899999999999997,-7.0266,-1.716068,-9.895082,-7.147419999999999,-1
1623,1624,1566049099583,-1.6890999,-0.21899999999999997,-7.0266,-2.5250306,-10.151109,-6.920057300000001,-1
1624,1625,1566049099593,-2.0558999,0.036199998,-6.8325996,-2.8581214,-9.970768,-6.3818790000000005,-1
1625,1626,1566049099603,-3.475,-0.8268,-5.5564,-3.7286913,-10.640675,-5.5287766,-1
1626,1627,1566049099613,-3.475,-0.8268,-5.5564,-3.4918952000000005,-10.063854,-5.399844,-1
1627,1628,1566049099623,-4.2962,-0.6008,-4.4432,-4.537472,-10.410314999999999,-4.413615,-1
1628,1629,1566049099633,-4.9189997000000005,-0.4531,-3.7519998999999995,-5.193378,-10.230557000000001,-3.7830398,-1
1629,1630,1566049099644,-5.0839,-0.0799,-3.4373998999999995,-5.26077,-9.893263000000001,-3.440803,-1
1630,1631,1566049099654,-5.0839,-0.0799,-3.4373998999999995,-6.232864,-10.419298,-2.5549006000000003,-1
1631,1632,1566049099664,-6.2503,0.2936,-1.9743998999999999,-6.353138400000001,-9.521606,-2.029517,-1
1632,1633,1566049099674,-7.0316997,0.1859,-0.9906,-7.425569,-9.842803,-0.55802137,-1
1633,1634,1566049099684,-8.457399,-0.9026,1.874,-8.490002,-10.725852,1.7933241000000002,-1
1634,1635,1566049099694,-7.6998997000000005,-0.4613,1.9577999,-7.457823299999999,-10.108118,2.0391128000000003,-1
1635,1636,1566049099705,-6.5822,-0.1964,1.2116,-6.6321974,-10.010464,1.1417948,-1
1636,1637,1566049099715,-5.77,-0.5495,0.7201,-5.503982499999999,-10.186792,0.39853883,-1
1637,1638,1566049099725,-4.2372,-0.8638,0.4188,-3.6093931000000006,-10.009611,-0.14373829999999999,-1
1638,1639,1566049099736,-4.2372,-0.8638,0.4188,-2.993585,-9.954717,-0.44758165,-1
1639,1640,1566049099746,-2.2661,-0.2669,0.70879996,-2.3843377,-9.726405999999999,0.85957587,-1
1640,1641,1566049099756,-2.5347,-0.0909,1.9363999,-2.8687612999999996,-9.889403,2.241423,-1
1641,1642,1566049099766,-3.3163,-0.3567,4.3048997,-3.5223112000000003,-10.16784,4.129969,-1
1642,1643,1566049099777,-4.2269998,-0.59419996,6.4252,-4.4741306,-10.347855000000001,6.351051,-1
1643,1644,1566049099787,-4.6352997,-0.6957,7.4433,-4.797741,-10.351742999999999,7.107120500000001,-1
1644,1645,1566049099797,-4.632,-0.66029996,7.718499700000001,-4.7563977,-10.803367,7.296817999999999,-1
1645,1646,1566049099807,-4.595,-0.8699,7.8167,-4.5793800000000005,-10.427869,7.2368483999999995,-1
1646,1647,1566049099818,-4.1893,-0.76519996,7.8273997,-4.054819999999999,-10.654293,7.3283644,-1
1647,1648,1566049099828,-3.6924,-0.88519996,7.9957,-3.5596894999999997,-10.692074,7.2820990000000005,-1
1648,1649,1566049099838,-2.9779,-0.83769995,7.8216996,-2.6618927,-10.47604,6.903929700000001,-1
1649,1650,1566049099848,-2.0386999,-0.56369996,7.3236,-1.8789504000000001,-10.204604,6.433182,-1
1650,1651,1566049099858,-0.5462,-0.4261,6.4051,0.48081318,-10.431844,4.90209,-1
1651,1652,1566049099869,1.9739,-0.9156,4.62,1.1824867000000001,-10.509894000000001,3.8660419999999998,-1
1652,1653,1566049099879,0.4942,-0.63,4.2657,0.018598158,-10.245872,3.5774736000000003,-1
1653,1654,1566049099889,0.0289,-0.1775,4.0109997,-0.37320817,-9.931264,3.6314197,-1
1654,1655,1566049099899,0.56729996,-0.2746,3.7893999,1.3223463,-10.400039,2.9737327000000002,-1
1655,1656,1566049099909,2.6508,-0.7349,3.1362997999999997,1.5563938999999998,-10.065349000000001,3.5535219,-1
1656,1657,1566049099920,1.6310999,-0.2146,3.9836998,0.77928394,-9.976294000000001,3.8647970000000003,-1
1657,1658,1566049099930,1.2710999,-0.0074,4.1035,1.9978751000000001,-10.087442,2.8423195,-1
1658,1659,1566049099940,2.3511999,-0.21229999,3.1555,1.8644606,-10.295996,2.0584962,-1
1659,1660,1566049099950,2.3666,-0.5837,1.4251,1.1083333,-10.184063,0.20029892,-1
1660,1661,1566049099960,1.568,-0.39659998,-0.0177,0.6914646,-10.180557,-1.087092,-1
1661,1662,1566049099970,1.3126,-0.4168,-1.8614998999999999,0.8873773000000001,-10.268837,-3.3860142,-1
1662,1663,1566049099981,1.4937999,-0.48749998,-3.7468998,1.3500233,-10.259681,-4.6469445,-1
1663,1664,1566049099991,1.744,-0.20639999,-5.212999999999999,0.9932871999999999,-9.733962,-5.4895115,-1
1664,1665,1566049100001,1.6193,0.10349999,-5.8631,1.3412606000000002,-9.674989,-6.157274,-1
1665,1666,1566049100011,2.3191,0.099199995,-6.9233,2.264072,-9.688961,-7.358206,-1
1666,1667,1566049100022,3.142,0.0265,-7.9975,3.4448445,-9.720736500000001,-8.402547,-1
1667,1668,1566049100032,4.0896,0.0532,-8.8970995,3.4737856,-9.342721000000001,-8.463053,-1
1668,1669,1566049100042,3.9854998999999998,0.57269996,-8.8727,2.9222095,-9.571779,-8.662701,-1
1669,1670,1566049100052,3.514,0.2121,-9.1838,2.0448494,-10.053866000000001,-9.234598,-1
1670,1671,1566049100062,2.1099,-0.26459998,-9.5907,-1.1538041,-11.374373,-8.443067,-1
1671,1672,1566049100073,-0.68399996,-1.5834999,-8.9445,-1.0657166,-11.266434,-4.009943,-1
1672,1673,1566049100083,-0.58889997,-1.3044,-3.3186,-2.044725,-11.490962,-2.3260338,-1
1673,1674,1566049100093,-3.4115998999999997,-1.2245,-6.6050997,-3.7380192,-11.092422500000001,-5.292431,-1
1674,1675,1566049100103,-2.5219998,-1.4139,-9.108399,-2.8437276000000002,-11.214106,-8.548689,-1
1675,1676,1566049100113,-2.5219998,-1.4139,-9.108399,-2.0429914,-10.983765,-9.263731,-1
1676,1677,1566049100123,-0.5574,-0.54609996,-8.5282,-0.94093084,-10.342483,-7.927173,-1
1677,1678,1566049100133,-0.5574,-0.54609996,-8.5282,-1.2483463,-9.853835,-7.4660306,-1
1678,1679,1566049100144,-0.5108,-0.0138,-6.2623,-0.9478357,-9.801708999999999,-5.7367754,-1
1679,1680,1566049100154,-1.5302,0.37219998,-5.6699,-2.0810976,-9.415811999999999,-5.01138,-1
1680,1681,1566049100164,-1.9835999,0.31759998,-4.4178,-2.4022365000000003,-9.482044,-4.045875,-1
1681,1682,1566049100174,-2.3164,0.0469,-3.5409,-2.727666,-9.847447,-2.9743743,-1
1682,1683,1566049100185,-1.7414999,-0.7441,-1.2185999,-2.1204392999999997,-10.552951,-1.0421578,-1
1683,1684,1566049100194,-2.039,-0.6635,0.1169,-2.7040305,-10.305612,0.17297629,-1
1684,1685,1566049100204,-2.3873,-0.6328,0.5523,-2.7166528999999997,-10.445327,0.59366626,-1
1685,1686,1566049100214,-1.6106,-0.7208,0.8357,-1.7335168999999997,-10.547597999999999,0.8095083000000001,-1
1686,1687,1566049100224,-0.391,-0.40739998,0.6547,-0.10538318,-10.241275,0.679168,-1
1687,1688,1566049100235,0.5014,-0.1433,0.4906,-0.24479276,-9.538058,0.15313315,-1
1688,1689,1566049100245,-0.34829998,0.1695,0.2757,-0.22743000000000002,-9.908519,0.906033,-1
1689,1690,1566049100255,0.1775,0.0011,1.8506999,-0.45994532,-9.728532000000001,1.9199582,-1
1690,1691,1566049100265,0.089899994,-0.6195,4.22,-0.2493226,-10.425206,3.8882220000000003,-1
1691,1692,1566049100275,-0.11639999599999999,-0.5843,6.1183,-0.30105647,-10.632133,6.2655873,-1
1692,1693,1566049100285,0.17539999,-0.1479,7.374399700000001,-0.16635871,-10.226439,7.013947999999999,-1
1693,1694,1566049100296,1.0062,-0.89769995,8.59,0.72538567,-10.446678,7.936185000000001,-1
1694,1695,1566049100306,1.3319999999999999,-0.78349996,8.7781,0.99496317,-10.5842,7.9564013,-1
1695,1696,1566049100316,1.0667,-0.6179,7.7359995999999995,0.8397136000000001,-10.58513,6.9582777,-1
1696,1697,1566049100326,0.6231,-0.44979998,6.2065997,-0.068129405,-10.160973,4.5473456,-1
1697,1698,1566049100336,0.0219,-0.49609998,3.9211,-0.30602685,-10.29931,3.172815,-1
1698,1699,1566049100346,0.3303,-0.65059996,3.0468,0.05020162,-10.358428,2.179145,-1
1699,1700,1566049100357,0.2329,-0.3744,2.3453999,-0.17901926,-10.08318,1.6952575,-1
1700,1701,1566049100367,0.1059,-0.2656,2.0089,-0.30563423,-10.140814,1.3256024,-1
1701,1702,1566049100377,-0.1681,-0.3048,1.5501,-0.61810625,-10.107363000000001,1.0409796999999998,-1
1702,1703,1566049100387,-0.5313,-0.3448,1.3419999999999999,-0.99913865,-10.141178,0.6175891,-1
1703,1704,1566049100397,-0.5794,-0.35619998,0.78419995,-0.58417565,-9.905799,-0.12765883,-1
1704,1705,1566049100408,0.021599998999999998,0.023699999,0.2791,-0.2268554,-9.713056,-0.39481345,-1
1705,1706,1566049100418,0.2865,0.1184,0.2289,-0.039418135,-9.721128,-0.28782135,-1
1706,1707,1566049100428,0.3382,0.0163,0.4628,-0.10048943,-9.748357,-0.19898689,-1
1707,1708,1566049100438,0.21669999,-0.0664,0.54359996,-0.22826318,-9.867156,-0.28500578,-1
1708,1709,1566049100448,0.1894,-0.1787,0.3089,-0.31384152,-9.991655,-0.65246785,-1
1709,1710,1566049100459,-0.0359,-0.21239999,0.020399999,-0.5806418000000001,-9.986972,-1.0568293,-1
1710,1711,1566049100469,-0.2131,-0.24579999,-0.275,-0.68145686,-10.027424,-1.3691673,-1
1711,1712,1566049100480,-0.30069998,-0.23959999,-0.45899999999999996,-0.7158472,-9.970443,-1.5368190000000002,-1
1712,1713,1566049100490,-0.3381,-0.19389999,-0.48079997,-0.5701456,-9.883245,-1.277048,-1
1713,1714,1566049100500,-0.17809999,-0.1382,-0.2225,-0.3969395,-9.854898,-1.2604611000000001,-1
1714,1715,1566049100511,0.0007,-0.1209,-0.20799999,-0.29896876,-9.950685499999999,-1.2576071000000002,-1
1715,1716,1566049100521,0.0793,-0.22029999,-0.16309999,-0.23076274,-10.014486,-1.2363178999999997,-1
1716,1717,1566049100531,0.1281,-0.2798,-0.14479999,-0.18186356,-10.088102000000001,-1.150615,-1
1717,1718,1566049100541,0.1393,-0.3092,-0.054199997,-0.17031394,-10.081208,-1.1252748,-1
1718,1719,1566049100551,0.124299996,-0.3184,-0.0482,-0.17063954,-10.020883999999999,-1.0995802,-1
1719,1720,1566049100561,0.1422,-0.239,-0.046099997999999996,-0.20057665,-10.000580000000001,-1.1392281000000002,-1
1720,1721,1566049100572,0.0843,-0.22809999,-0.0667,-0.22919214,-9.9475155,-1.0610911,-1
1721,1722,1566049100582,0.076799996,-0.19739999,0.0084999995,-0.22330239999999998,-9.977874,-1.0109469000000002,-1
1722,1723,1566049100592,0.099,-0.2156,0.024,-0.22734381,-9.933571,-0.9990046,-1
1723,1724,1566049100602,0.0753,-0.1742,0.0013,-0.24995466,-9.934614999999999,-1.0107745000000001,-1
1724,1725,1566049100612,0.0753,-0.1742,0.0013,-0.24293485,-10.006509,-0.99526006,-1
1725,1726,1566049100622,0.0977,-0.242,0.022000000000000002,-0.21952914,-10.062963499999999,-1.0030556000000002,-1
1726,1727,1566049100633,0.1204,-0.3003,-0.0039999996999999995,-0.20587263,-10.115637,-0.9975681000000001,-1
1727,1728,1566049100643,0.23079999,-0.40789998,-0.2856,-0.11891521,-10.164794,-1.2796913,-1
1728,1729,1566049100653,0.23079999,-0.40789998,-0.2856,-0.023798365,-10.193735,-1.2767031999999998,-1
1729,1730,1566049100663,0.3746,-0.54719996,-0.118099995,0.02315672,-10.30973,-1.1178048999999999,d
1730,1731,1566049100674,0.17999999,-1.0012,-0.0095999995,-0.23345383,-10.81435,-0.995375,-1
1731,1732,1566049100684,0.22989999,-1.3295,0.3559,-0.19885279999999997,-11.081448,-0.69679886,-1
1732,1733,1566049100695,0.3913,-1.6595999,2.4278998,-0.08220731,-11.569281,1.8034276000000002,-1
1733,1734,1566049100705,0.60649997,-2.6081,4.808,0.101830184,-12.350796,3.6995587,-1
1734,1735,1566049100715,1.5366,-3.3776,6.3153996,1.2472353999999999,-13.239524,5.2311583,-1
1735,1736,1566049100725,3.2728999,-3.5835,5.9028997,2.6334400000000002,-13.315935999999999,4.8225927,-1
1736,1737,1566049100735,4.8567,-3.1167998,4.3724,4.401538400000001,-12.719828,3.0530765,-1
1737,1738,1566049100746,5.9245996,-2.2542999,2.6164,5.400007,-11.634787,1.1947929,-1
1738,1739,1566049100756,6.1969,-1.3607,1.301,5.433047,-10.9878435,0.44007343,-1
1739,1740,1566049100766,5.7023,-0.81979996,0.8807,5.0120697,-10.58421,0.26757598,-1
1740,1741,1566049100776,4.7388,-0.3577,1.1079,3.9129682,-10.09925,0.6835446,-1
1741,1742,1566049100787,3.5442998,-0.1303,1.4008,2.6466367,-9.8252,1.1816918,-1
1742,1743,1566049100797,2.6490998,0.1704,1.6509999,2.0490918000000002,-9.548939,1.3076649999999999,-1
1743,1744,1566049100807,2.0993,0.6574,0.9278,1.6689692999999999,-8.924961999999999,0.27955657,-1
1744,1745,1566049100817,2.0288,1.2402999,-0.16849999,1.806789,-8.392549,-0.54402965,-1
1745,1746,1566049100827,2.2433,1.8506,-1.1989,2.0722582,-7.697367999999999,-1.4063541000000002,-1
1746,1747,1566049100838,2.2092,2.3418,-1.6559999,1.9490526000000001,-7.382674000000001,-1.6369348,-1
1747,1748,1566049100848,1.8824999,2.3711998,-1.8219,1.5949883,-7.5957103,-1.6496817,-1
1748,1749,1566049100858,1.2896,1.8999,-1.8648,0.98416054,-8.135458999999999,-1.7070371,-1
1749,1750,1566049100868,0.8233,1.6049,-1.9527999,0.69739264,-8.280279,-1.7194294999999997,-1
1750,1751,1566049100878,0.4348,1.5155,-1.9605,0.37045005,-8.257142,-1.6585976000000002,-1
1751,1752,1566049100889,0.0637,1.5926,-2.0088,0.040548198,-8.218067999999999,-1.8208574,-1
1752,1753,1566049100899,-0.5859,1.5026,-2.3435,-0.80991054,-8.463311000000001,-2.1609778,-1
1753,1754,1566049100909,-1.4639,1.1672,-2.3934999,-1.5212566,-8.787917,-2.0194802,-1
1754,1755,1566049100919,-2.399,0.7532,-2.0103,-2.5276257999999996,-9.376958,-1.4354675,-1
1755,1756,1566049100929,-3.3169,0.1726,-1.51,-3.1914133999999996,-9.832613,-1.0310390999999999,-1
1756,1757,1566049100939,-4.0453,-0.3881,-0.97609997,-3.7796593,-10.473453999999998,-0.3977631,-1
1757,1758,1566049100950,-4.3928,-0.8502,-0.37469998,-3.7568949999999997,-10.74577,0.14466724,-1
1758,1759,1566049100960,-4.2116,-0.91929996,-0.066,-3.3669086000000004,-10.48351,0.13548309,-1
1759,1760,1566049100970,-3.6818,-0.50729996,-0.1626,-2.8690293,-9.927663,-0.12147222,-1
1760,1761,1566049100980,-3.3379998,-0.0854,-0.401,-2.706913,-9.7261,-0.38956535,-1
1761,1762,1566049100990,-3.1554,0.14029999,-0.7303,-2.5779134999999997,-9.419393,-0.8011957,-1
1762,1763,1566049101000,-2.9952998,0.4249,-1.176,-2.4459355,-9.194980000000001,-1.3187742,-1
1763,1764,1566049101011,-2.7889999999999997,0.6997,-1.9588,-2.2266076,-8.949535000000001,-2.3994880000000003,-1
1764,1765,1566049101021,-2.6367,0.8276,-2.9122999,-2.2434342000000003,-9.501878,-2.9027493,-1
1765,1766,1566049101031,-2.6174,0.29909998,-3.2686,-2.125898,-10.053559,-2.383466,-1
1766,1767,1566049101042,-2.3769,-0.3752,-2.5282,-1.5282381999999999,-10.625783,-0.73461765,-1
1767,1768,1566049101052,-1.8066,-0.82339996,-1.0468,-0.93006116,-10.683263,0.4458674,-1
1768,1769,1566049101062,-0.1871,-0.6022,1.4373,-0.025991452999999998,-10.417191,1.6735661,-1
1769,1770,1566049101072,-0.1871,-0.6022,1.4373,0.32164663,-10.258397,1.6996342,-1
1770,1771,1566049101083,0.2733,-0.3949,1.3716999,0.49910486,-10.137615,0.5523136,-1
1771,1772,1566049101093,0.1416,-0.4626,-0.7396,0.33220983,-10.220234,-0.3514688,-1
1772,1773,1566049101104,-0.48049998,-0.8645,-1.1192,-0.44096407,-10.686567,-0.9596534999999999,-1
1773,1774,1566049101114,-1.0988,-1.3349999,-0.9228,-1.1381940000000002,-11.231909,-0.70607877,-1
1774,1775,1566049101124,-1.3341,-1.6288999,-0.5512,-1.3125972,-11.449618,-0.43032426,-1
1775,1776,1566049101134,-1.3341,-1.6288999,-0.5512,-1.1439209,-11.363763,-0.11482591,-1
1776,1777,1566049101145,-1.0828,-1.5108,-0.113699995,-0.5718503,-10.878017,0.7449894,-1
1777,1778,1566049101155,-0.2346,-0.6376,1.1141,-0.25164017,-10.3785,1.1731302,-1
1778,1779,1566049101166,-0.1549,-0.2944,1.0598,-0.24036828,-9.999842999999998,1.0239713,-1
1779,1780,1566049101176,-0.32279998,-0.0493,0.79899997,-0.47446373,-9.864272999999999,0.77983934,-1
1780,1781,1566049101186,-0.7173,-0.0495,0.3533,-1.022123,-9.885783,0.21252849999999998,-1
1781,1782,1566049101196,-1.1186,-0.138,-0.1363,-1.2805053,-9.969609,-0.12937307,-1
1782,1783,1566049101207,-1.2779,-0.44239998,-0.4687,-1.2773067,-10.362353,-0.3994199,-1
1783,1784,1566049101217,-0.516,-1.1393,-0.071499996,0.24889164,-13.416043,1.1974361,-1
1784,1785,1566049101227,1.4240999,-3.1994,1.1552,1.5948161,-10.432466,0.46970406,-1
1785,1786,1566049101237,0.94519997,0.4675,-0.017099998999999998,0.16085204,-9.487484,-0.09486785,-1
1786,1787,1566049101247,0.0337,-0.1898,-0.1758,-0.41231987,-10.408763,-0.054568645,-1
1787,1788,1566049101257,0.0968,-0.39589998,-0.2039,-0.044206537000000004,-10.021458,-0.24943751,-1
1788,1789,1566049101268,0.2825,-0.013599999,-0.32439998,-0.099847786,-9.909582,-0.099435985,-1
1789,1790,1566049101278,0.039899997,-0.1117,0.0502,-0.30177474,-9.9542,0.2954349,-1
1790,1791,1566049101288,-0.076,-0.1802,0.2914,-0.33926794,-9.986914,0.364273,-1
1791,1792,1566049101299,0.0049,-0.1803,0.2958,-0.19736841,-10.01057,0.24797226,-1
1792,1793,1566049101308,0.1449,-0.1607,0.1893,-0.17092685,-9.942631,0.18784906,-1
1793,1794,1566049101318,0.0589,-0.1705,-0.009099999000000001,-0.35882379999999997,-10.0289755,-0.18342458,-1
1794,1795,1566049101328,-0.17539999,-0.2294,-0.3383,-0.49176905,-10.008328,-0.3656042,-1
1795,1796,1566049101338,-0.2333,-0.20979999,-0.3245,-0.43266097,-10.004986,-0.1942751,-1
1796,1797,1566049101348,-0.0451,-0.1804,-0.0941,-0.28163475,-10.016967,-0.08366299,-1
1797,1798,1566049101359,0.0157,-0.20989999,-0.0598,-0.26396552,-10.001327499999999,-0.05608178,-1
1798,1799,1566049101368,0.0469,-0.1707,-0.0371,-0.22134873,-9.989136,-0.08037814,-1
1799,1800,1566049101378,0.0581,-0.2198,-0.0457,-0.23170127,-10.009247,-0.038671147,-1
1800,1801,1566049101388,0.059499998,-0.1512,0.0028,-0.22536142,-9.972002999999999,0.08543469,-1
1801,1802,1566049101399,0.069699995,-0.1218,0.1391,-0.23570438,-9.946194,0.066108696,-1
1802,1803,1566049101409,0.0392,-0.1414,0.0014,-0.24390212,-9.958376,-0.012172121000000001,-1
1803,1804,1566049101419,0.056399997,-0.1609,-0.086899996,-0.21725945,-9.991223,-0.14160267,-1
1804,1805,1566049101429,0.07200000000000001,-0.1902,-0.1637,-0.20078734,-10.006777,-0.0670568,-1
1805,1806,1566049101440,0.0968,-0.1999,-0.062,-0.20405303,-10.049499,-0.10434888,-1
1806,1807,1566049101449,0.082899995,-0.22919999,-0.0866,-0.18908447,-10.032605,-0.08177635,-1
1807,1808,1566049101459,0.109,-0.1899,-0.081599995,-0.17463307,-10.035277,-0.1114453,-1
1808,1809,1566049101469,0.0871,-0.22909999,-0.067999996,-0.1618576,-10.019026,-0.12512098,-1
1809,1810,1566049101481,0.115499996,-0.1898,-0.0758,-0.1827159,-10.018239999999999,-0.088049166,-1
1810,1811,1566049101491,0.0764,-0.1898,-0.046699997,-0.19723433,-10.002237,-0.09363244,-1
1811,1812,1566049101501,0.0673,-0.1996,-0.0383,-0.20804656,-9.982692,0.058571752000000005,-1
1812,1813,1566049101511,0.0689,-0.17029999,0.066199996,-0.22485386,-9.989787,0.10386047,-1
1813,1814,1566049101521,0.060799997,-0.17029999,0.0422,-0.22192334,-9.97887,-0.054243035999999994,-1
1814,1815,1566049101531,0.0718,-0.1899,-0.070599996,-0.22636698,-9.980497999999999,-0.13490848,-1
1815,1816,1566049101541,0.052899998,-0.17029999,-0.095699996,-0.19888155,-9.98565,-0.07420109,-1
1816,1817,1566049101552,0.0823,-0.17029999,-0.062,-0.20618865,-10.004861,-0.060918067,-1
1817,1818,1566049101562,0.071899995,-0.1801,-0.0678,-0.2068686,-10.009641,-0.04801811,-1
1818,1819,1566049101572,0.0707,-0.1997,-0.0543,-0.20418711,-9.98836,-0.068981744,-1
1819,1820,1566049101582,0.087299995,-0.1899,-0.038399998,-0.18854818,-10.005073,-0.026489448,-1
1820,1821,1566049101593,0.087299995,-0.1899,-0.038399998,-0.23483288,-10.022943,0.09319191,-1
1821,1822,1566049101603,0.0354,-0.1997,0.0036,-0.23295583,-10.012426,0.062086437,-1
1822,1823,1566049101613,0.0738,-0.16049999,-0.053799997999999995,-0.18996555,-9.983917,-0.0038498763,d
1823,1824,1566049101623,0.0637,-0.1997,-0.061699998,-0.2046468,-10.015377,0.015045163,-1
1824,1825,1566049101633,0.0637,-0.1997,-0.061699998,-0.14136325,-10.066881,0.008475474,-1
1825,1826,1566049101643,0.1039,-0.239,-0.0122,-0.16397409,-10.050543,0.07043742,-1
1826,1827,1566049101653,0.1047,-0.22929999,-0.022799998999999998,-0.1592623,-10.017742,0.019124883999999998,-1
1827,1828,1566049101663,0.106599994,-0.15079999,-0.0801,-0.16792929999999998,-9.961881,-0.021356279,-1
1828,1829,1566049101673,0.13949999,-0.20979999,-0.06839999599999999,-0.16273868,-9.999067,-0.02987006,-1
1829,1830,1566049101684,0.0954,-0.2981,-0.0669,-0.18624975,-10.109258,-0.0149877025,-1
1830,1831,1566049101694,0.1104,-0.08249999599999999,-0.1541,-0.16563088,-9.903041,-0.10620679,-1
1831,1832,1566049101704,0.174,-0.29839998,-0.0747,-0.11649228,-10.1123705,-0.024899698999999997,-1
1832,1833,1566049101714,0.26819998,-0.2692,-0.023899998999999998,0.01001734,-10.053952,0.05420473,-1
1833,1834,1566049101724,0.3335,-0.0928,0.0773,0.05431007,-9.903758999999999,0.1438149,-1
1834,1835,1566049101734,0.4177,-0.1126,0.1301,0.13063723,-9.947811999999999,0.16436674,-1
1835,1836,1566049101745,0.40269998,-0.20099999,0.115499996,0.11954728,-9.907264,0.21924184,-1
1836,1837,1566049101755,0.3076,-0.1029,0.13069999,-0.049435478,-9.916037,0.21405120000000002,-1
1837,1838,1566049101765,0.0534,-0.10300000000000001,0.1454,-0.26412833,-9.913155,0.19977218,-1
1838,1839,1566049101775,-0.506,-0.152,0.0313,-0.93692774,-9.978036999999999,0.0552486,-1
1839,1840,1566049101785,-1.0188,-0.1028,-0.40789998,-1.2539392,-9.810922,-0.59360874,-1
1840,1841,1566049101795,-0.3272,0.1718,-0.4261,-0.6085678000000001,-9.656754,-0.27402118,-1
1841,1842,1566049101806,-1.8797,-0.573,0.44869998,-3.5918867999999997,-10.540359,0.72548145,-1
1842,1843,1566049101816,-4.6099997,-0.54289997,0.8581,-5.1209292,-10.298917,0.9231754000000001,-1
1843,1844,1566049101826,-4.6549997,-0.484,0.6507,-4.4542017,-10.302614,0.5341176999999999,-1
1844,1845,1566049101836,-3.6039999,-0.41579998,0.20879999,-3.7255409,-10.161126,0.15399505,-1
1845,1846,1566049101846,-3.2163,-0.18100000000000002,-0.2771,-3.5889466,-9.886233,-0.41320089,-1
1846,1847,1566049101856,-3.6139997999999998,-0.0738,-0.7725,-3.9597510000000002,-9.894095,-0.6986185,-1
1847,1848,1566049101867,-3.9773,-0.13319999,-0.9094,-4.485652,-9.976399,-0.84748036,-1
1848,1849,1566049101877,-4.6699,-0.1041,-0.99859995,-4.842100599999999,-10.095946000000001,-0.9178315999999999,-1
1849,1850,1566049101887,-4.6493,-0.24139999,-1.0784,-4.996057,-10.082558,-0.87584686,-1
1850,1851,1566049101897,-4.5599,-0.3884,-0.9209,-4.829095400000001,-10.262047,-0.6421153,-1
1851,1852,1566049101907,-4.6362,-0.4078,-0.6182,-4.9104980000000005,-10.301369000000001,-0.36945403,-1
1852,1853,1566049101918,-4.8968997000000005,-0.46649998,-0.1707,-4.967106299999999,-10.491583,0.35035792,-1
1853,1854,1566049101928,-4.679199700000001,-0.6432,0.65239996,-4.8499537,-10.523992,0.9884127,-1
1854,1855,1566049101938,-4.433399700000001,-0.5261,1.2962999,-4.394346700000001,-10.258666,1.4709306,-1
1855,1856,1566049101948,-3.1292999,-0.3899,1.4099,-3.4579167,-9.877787,1.4520162,-1
1856,1857,1566049101958,-3.2024999,0.118599996,1.2548,-2.7608783,-9.625092500000001,1.0477123,-1
1857,1858,1566049101968,-0.5574,-0.0497,0.7335,-0.24005225,-9.836530999999999,0.7012138000000001,-1
1858,1859,1566049101978,-0.8401,0.0761,0.37199998,-2.1712152999999996,-9.731482000000002,0.14948438,-1
1859,1860,1566049101989,-1.8391998999999999,0.0264,-0.0722,-1.6993852999999999,-9.984117999999999,-0.17138654,-1
1860,1861,1566049101999,-0.4409,-0.0823,-0.49449998,-2.4964435000000003,-9.882633,-0.7234033000000001,-1
1861,1862,1566049102009,-1.5310999,-0.27899998,-0.9202,2.5390892000000003,-10.890792999999999,-1.0090985000000001,-1
1862,1863,1566049102019,2.3161,-0.57449996,-1.0033,-2.1440554,-9.581154,-0.92113554,-1
1863,1864,1566049102030,-0.2254,-0.3297,-1.0533999,2.1806867000000003,-9.820661999999999,-0.7692474,-1
1864,1865,1566049102040,2.1364,0.2376,-0.7611,1.7074968999999998,-9.840264,-0.42005790000000004,-1
1865,1866,1566049102050,3.6339998,-0.1352,-0.39069998,3.1855907,-9.693442,-0.15516342,-1
1866,1867,1566049102060,3.9657998,0.2174,0.039899997,2.2064006000000003,-9.33731,0.48355213,-1
1867,1868,1566049102070,4.9606,-0.27249998,0.34700000000000003,2.8702645,-9.14904,0.40096176,-1
1868,1869,1566049102080,4.6143,0.0218,0.3204,4.496129,-9.730839999999999,0.07547481,-1
1869,1870,1566049102091,3.9306997999999997,0.2777,-0.2566,4.69886,-9.82953,-0.7645451999999999,-1
1870,1871,1566049102101,5.8269997,-0.1326,-1.0952,4.6757894,-9.59302,-1.3731321,-1
1871,1872,1566049102111,5.2430997,-0.092,-1.492,4.487529,-9.596027000000001,-1.3202394,-1
1872,1873,1566049102121,4.8306,0.0173,-1.2840999,5.23565,-10.190239,-1.1614081,-1
1873,1874,1566049102132,5.1765,-0.3143,-0.9302,4.14241,-10.178777,-0.62222433,-1
1874,1875,1566049102142,4.4691,-0.41059998,-0.5374,3.587108,-10.305822000000001,-0.30962774,-1
1875,1876,1566049102152,3.9527997999999998,-0.49749997,-0.2499,3.194028,-10.47852,-0.0010534488,-1
1876,1877,1566049102162,3.5017,-0.6437,0.1171,3.0318637,-10.421548,0.09471462,-1
1877,1878,1566049102172,3.3453998999999994,-0.6139,0.17889999,3.136299,-10.158235000000001,0.026096797999999997,-1
1878,1879,1566049102182,3.4749,-0.29999998,0.118499994,3.2864919,-10.014142,-0.07445967,-1
1879,1880,1566049102193,2.8065,-0.27089998,-0.17099999,2.6397892999999995,-10.031187,-0.2567063,-1
1880,1881,1566049102203,0.7381,-0.7809,-0.2719,0.43506476,-10.591623,-0.43899125,-1
1881,1882,1566049102213,0.2557,-0.7028,0.3421,-0.057412955999999994,-10.512413,0.070648104,-1
1882,1883,1566049102223,0.3761,-0.5467,0.49139997,0.043354206,-10.360275,0.33698870000000003,-1
1883,1884,1566049102234,0.7698,-0.2242,0.095199995,0.48331273,-9.932978,-0.1283771,-1
1884,1885,1566049102244,0.7937,0.0197,-0.2674,0.38522705,-9.787267,-0.42614874,-1
1885,1886,1566049102254,0.5688,0.0185,-0.33859998,0.1474541,-9.738961,-0.4389338,-1
1886,1887,1566049102264,0.6732,0.12539999,-0.2245,0.21231781,-9.676664,-0.35264677,-1
1887,1888,1566049102274,0.5749,0.18339999,-0.17979999,-0.05315128,-9.690971000000001,-0.24742638,-1
1888,1889,1566049102284,0.008599999,-0.062099997000000004,-0.0861,-0.50428593,-9.868506,-0.19064549,-1
1889,1890,1566049102294,-0.1608,-0.121199995,-0.119899996,-0.63845694,-9.895274,-0.21764252,-1
1890,1891,1566049102305,-0.4892,-0.3469,-0.1523,-1.0069438,-10.142413000000001,-0.22257458,-1
1891,1892,1566049102315,-0.6899,-0.3962,-0.21139999,-1.2276604,-10.208589,-0.22553379999999998,-1
1892,1893,1566049102325,-0.7107,-0.2985,-0.19829999,-1.1817875,-10.045983999999999,-0.20826681,-1
1893,1894,1566049102335,-0.7107,-0.2985,-0.19829999,-1.1654208000000001,-9.994059,-0.23747608,-1
1894,1895,1566049102345,-0.3037,-0.0154,-0.1627,-0.79484624,-9.773849499999999,-0.16205873,-1
1895,1896,1566049102356,-0.1759,0.0721,-0.1226,-0.7345219,-9.748280000000001,-0.18517713,-1
1896,1897,1566049102366,-0.0628,0.062,-0.1511,-0.63508594,-9.734681,-0.2099715,-1
1897,1898,1566049102376,0.055,0.0424,-0.1987,-0.49372268,-9.733244000000001,-0.2868158,-1
1898,1899,1566049102386,0.0016,-0.016099999,-0.2464,-0.5734401,-9.844622,-0.25390029999999997,-1
1899,1900,1566049102396,0.0315,-0.0352,-0.1365,-0.60614485,-9.879807000000001,-0.16806339,-1
1900,1901,1566049102406,-0.020499998999999998,-0.0639,0.051799998,-0.5586439000000001,-9.920058000000001,0.061703365,-1
1901,1902,1566049102416,-0.0651,-0.1514,0.1797,-0.5810344,-9.970165,0.103257135,-1
1902,1903,1566049102426,0.025899999,-0.2093,0.13849999,-0.43840706,-10.02277,0.06464345,-1
1903,1904,1566049102436,0.086899996,-0.23779999,0.0163,-0.41130468,-10.05218,-0.06741114,-1
1904,1905,1566049102446,0.1187,-0.24679999,-0.0676,-0.34533966,-10.0816765,-0.09094136,-1
1905,1906,1566049102456,0.112399995,-0.3048,-0.0832,-0.32370564,-10.104326,-0.15266389,-1
1906,1907,1566049102467,0.1178,-0.3238,-0.127,-0.33216196,-10.130144999999999,-0.19758868,-1
1907,1908,1566049102477,0.1156,-0.2938,-0.1598,-0.33010298,-10.093657499999999,-0.22007503,-1
1908,1909,1566049102487,0.1061,-0.2443,-0.1418,-0.31010658,-10.08273,-0.14217728,-1
1909,1910,1566049102497,0.0786,-0.2538,-0.0244,-0.32002816,-10.052535,-0.012105083,-1
1910,1911,1566049102507,0.072299995,-0.2437,0.093399994,-0.3501568,-10.04268,0.04645709,-1
1911,1912,1566049102517,0.0572,-0.23369999,0.112799995,-0.34380737,-10.053434,0.097702585,-1
1912,1913,1566049102528,0.0919,-0.2041,-0.0354,-0.29876763,-10.021533999999999,-0.08767567,-1
1913,1914,1566049102538,0.1078,-0.2236,-0.076799996,-0.3136883,-9.99947,-0.09938810000000001,-1
1914,1915,1566049102548,0.0751,-0.1646,-0.0393,-0.31653259999999994,-9.934759,-0.08908345599999999,-1
1915,1916,1566049102558,0.0525,-0.1645,0.027999998999999998,-0.31054709999999996,-10.060953,0.0006703764699999999,-1
1916,1917,1566049102568,0.0975,-0.282,-0.0117999995,-0.3034986,-10.063625,-0.066836536,-1
1917,1918,1566049102578,0.0652,-0.2329,-0.1481,-0.31522059999999996,-10.013997999999999,-0.10631213,-1
1918,1919,1566049102589,0.08339999599999999,-0.23279999,-0.0075999996999999994,-0.30558634,-10.0574,-0.058973975,-1
1919,1920,1566049102599,0.0923,-0.27199998,-0.0705,-0.28441203,-10.038706,-0.13752295,-1
1920,1921,1566049102609,0.0734,-0.23279999,-0.07369999599999999,-0.33698870000000003,-10.008155,-0.12371319,-1
1921,1922,1566049102619,0.0853,-0.14469999,-0.0677,-0.32585087,-9.953472999999999,-0.10939587,-1
1922,1923,1566049102629,0.0482,-0.13499999,-0.0336,-0.33578202,-9.978583,-0.11874283,-1
1923,1924,1566049102639,0.0795,-0.1645,-0.0689,-0.31759563,-10.013941,-0.12611696,-1
1924,1925,1566049102650,0.0707,-0.2332,-0.0656,-0.32899204,-10.001700999999999,-0.13464032,-1
1925,1926,1566049102660,0.062099997000000004,-0.1744,-0.062699996,-0.32148382,-9.973583,-0.086306185,-1
1926,1927,1566049102670,0.1217,-0.17449999,0.028299998,0.14776056,-9.772404,0.06674076599999999,d
1927,1928,1566049102680,0.4265,-0.0176,0.070099995,-0.16952863,-10.097211,-0.03928406,-1
1928,1929,1566049102690,0.1201,-0.4098,-0.055099998,-0.38620389,-10.142403999999999,-0.22228727,-1
1929,1930,1566049102701,-0.0297,-0.115499996,-0.1699,-0.40653545,-9.862846000000001,-0.2996487,-1
1930,1931,1566049102711,0.0084,-0.4391,-0.1547,-0.34213140000000003,-10.264231,-0.38074509999999995,-1
1931,1932,1566049102722,0.0703,-0.45889997,-0.35189998,-0.34884477,-10.189895,-0.51129615,-1
1932,1933,1566049102732,0.006,-0.3513,-0.3399,-0.45073240000000003,-10.167810000000001,-0.26002944,-1
1933,1934,1566049102742,0.1087,-0.6859999999999999,0.1972,-0.31046093,-10.490203999999999,0.08776186,-1
1934,1935,1566049102752,0.13679999,-0.5006,0.44299999999999995,-0.28600177,-10.359079,0.30799970000000004,-1
1935,1936,1566049102762,0.0937,-0.80579996,0.7794,-0.37111083,-10.606658,0.65578145,-1
1936,1937,1566049102773,-0.69619995,-1.5232999,0.9009,-0.9353859,-11.1305,0.7800118,-1
1937,1938,1566049102783,-1.1831,-2.1627,0.8075,-1.731477,-11.969361,0.7076303,-1
1938,1939,1566049102793,-1.1831,-2.1627,0.8075,-0.61970556,-12.062496000000001,0.5512600999999999,-1
1939,1940,1566049102803,2.7861,-1.8860999,0.6221,2.131529,-11.67722,0.5753554,-1
1940,1941,1566049102813,4.666,-1.3219,0.7186,4.2132587,-11.014966000000001,0.7710766,-1
1941,1942,1566049102823,5.7885,-0.7075,0.8574,5.0235043,-10.496008,0.9090401,-1
1942,1943,1566049102834,5.7885,-0.7075,0.8574,5.272875,-10.19316,1.0719895000000002,-1
1943,1944,1566049102844,5.5523996,-0.3261,0.9266,4.785826999999999,-10.105428,1.0890169,-1
1944,1945,1566049102854,4.8079,-0.3245,0.4134,3.9037747000000005,-10.076362,0.45198697,-1
1945,1946,1566049102864,4.1089,-0.2444,-0.4094,3.4373841,-10.032681,-0.120332584,-1
1946,1947,1566049102874,3.6906998,-0.115899995,-1.2516,3.0060830000000003,-9.855195,-1.0356072,-1
1947,1948,1566049102884,3.5793998,0.1293,-1.9555999,3.0202758,-9.656563,-1.4945757,-1
1948,1949,1566049102895,3.7681,0.2956,-2.5929,3.3431675000000003,-9.431881,-2.218314,-1
1949,1950,1566049102905,4.2467,0.43269998,-3.0479,3.7663186,-9.352029,-2.5044977999999998,-1
1950,1951,1566049102915,4.6271,0.5022,-2.9304,4.2393746,-9.293659,-2.229787,-1
1951,1952,1566049102925,4.7353997,0.5143,-2.0256,4.259256,-9.323203,-1.1075002,-1
1952,1953,1566049102935,4.2811,0.3216,-1.0555999,3.8097684000000003,-9.550738,-0.31196448,-1
1953,1954,1566049102946,3.2719998,-0.0668,-0.0093,2.6087317000000003,-9.970680999999999,0.88303906,-1
1954,1955,1566049102956,2.0829,-0.2302,0.8678,1.720186,-10.032394,1.5174162,-1
1955,1956,1566049102966,0.91719997,0.0069,1.4481,0.85516095,-9.795810000000001,1.9494357,-1
1956,1957,1566049102976,-0.1296,0.71279997,1.4499999,-0.32930806,-8.979559,1.916568,-1
1957,1958,1566049102986,-1.2378,1.3579,0.8222,-1.481963,-8.198953,0.94120854,-1
1958,1959,1566049102997,-2.0562,2.0112,-0.489,-2.0040810000000002,-7.6500106,-0.17633773,-1
1959,1960,1566049103007,-2.6662998,2.674,-1.8226,-2.6329324,-7.0103564,-1.5349035,-1
1960,1961,1566049103017,-3.2143,2.7199,-2.369,-3.0601919,-7.143656299999999,-1.6687299,-1
1961,1962,1566049103027,-3.7203,2.2676,-1.9038,-3.6180122000000003,-7.784038000000001,-0.9027480999999999,-1
1962,1963,1566049103038,-4.0109,1.5229,-1.1733999,-3.7567036,-8.946624,-0.23543622,-1
1963,1964,1566049103048,-3.8516,0.456,-0.7237,-3.3736407999999996,-9.753451,0.110257775,-1
1964,1965,1566049103058,-3.1169,-0.4238,-0.3543,-2.4077337000000005,-10.671147999999999,0.55676687,-1
1965,1966,1566049103068,-2.2161,-1.137,0.0867,-1.7961588,-11.237761,0.85625273,-1
1966,1967,1566049103079,-1.5014,-1.8016,0.42819998,-1.1171058,-11.842641,1.2547628,-1
1967,1968,1566049103089,-0.9518,-2.0748,0.7837,-0.8079951999999999,-11.832164,1.3491518,-1
1968,1969,1566049103099,-0.6544,-1.8289,0.68979996,-0.7239874,-11.282637,1.0445518,-1
1969,1970,1566049103109,-0.8508,-1.2598,0.35209998,-1.1042155,-10.877385,0.73053795,-1
1970,1971,1566049103119,-1.6116999,-0.81839997,0.0289,-2.2774987,-10.478693,0.4563635999999999,-1
1971,1972,1566049103130,-2.8141,-0.5929,-0.1874,-3.600075,-10.282627,0.23809858,-1
1972,1973,1566049103140,-3.8971998999999995,-0.43609998,-0.32279998,-4.2662663,-10.127416,0.18108785,-1
1973,1974,1566049103150,-4.5917,-0.2007,-0.3752,-4.620273,-9.85032,0.06643431,-1
1974,1975,1566049103160,-4.7493,0.133,-0.6584,-4.4353356,-9.583903,-0.29748434,-1
1975,1976,1566049103170,-4.321000000000001,0.23199999999999998,-0.8757,-3.5259888,-9.434687,-0.14938861,-1
1976,1977,1566049103180,-3.3883997999999997,0.41009998,-0.51669997,-2.706511,-9.315992,0.1633516,-1
1977,1978,1566049103191,-2.2619998,0.53929996,-0.0448,-1.5365603,-9.301598,0.7472591,-1
1978,1979,1566049103201,-1.3928,0.5014,0.38779998,-0.9690196,-9.503189,1.0204471,-1
1979,1980,1566049103211,-0.8871,0.30609998,0.62939996,-0.90170425,-9.735169,1.0489572,-1
1980,1981,1566049103221,-0.7603,-0.0074,0.6781,-0.9063298000000001,-10.016363,0.9856258,-1
1981,1982,1566049103231,-0.79829997,-0.2527,0.5334,-1.1223633999999998,-10.090286,0.6553217,-1
1982,1983,1566049103242,-0.94229996,-0.2825,0.2165,-1.2375532,-10.009286,0.29128814,-1
1983,1984,1566049103252,-1.1031,-0.1063,-0.24929999,-1.5350281000000001,-9.842333,-0.11065043,-1
1984,1985,1566049103262,-1.3476,-0.0084999995,-0.4278,-1.5256715,-9.950465,0.105373606,-1
1985,1986,1566049103272,-1.26,-0.1458,-0.218,-0.23632686,-28.278270000000003,2.8823986,-1
1986,1987,1566049103282,0.1538,-11.3744,2.8997998,0.48327440000000005,-8.882823,0.5751255999999999,-1
1987,1988,1566049103292,0.75119996,0.92329997,0.2784,-0.9633405999999999,-10.241121000000001,-0.26378357,-1
1988,1989,1566049103302,-0.7005,-0.45,-0.6371,-0.65518767,-10.108703,-0.18805017,-1
1989,1990,1566049103313,-0.3692,-0.3026,-0.47239998,-0.62622744,-9.755319,-0.015217546,-1
1990,1991,1566049103323,-0.0423,0.14909999,0.051999997,-0.3337613,-9.656438,0.32918359999999997,-1
1991,1992,1566049103333,0.0254,-0.2917,-0.048899997,-0.27282408,-10.050466,0.27762204,-1
1992,1993,1566049103343,0.0022,-0.0852,0.0453,-0.27825412,-9.895647,0.29566476,-1
1993,1994,1566049103353,0.0074,-0.16319999,0.0104,-0.27259424,-9.931042999999999,0.22462401,-1
1994,1995,1566049103364,-0.0175,-0.18239999,-0.0447,-0.29662243,-9.996079,0.18147092,-1
1995,1996,1566049103373,-0.0175,-0.18239999,-0.0447,-0.2913648,-10.089272,0.17233464,-1
1996,1997,1566049103383,-0.0883,-0.18159999,-0.0209,-0.35246479999999997,-9.996079,0.17488207,-1
1997,1998,1566049103393,-0.1433,-0.191,-0.011000000000000001,-0.38424063,-10.00465,0.20350714,-1
1998,1999,1566049103403,-0.1433,-0.191,-0.011000000000000001,-0.29379728,-10.132166,0.20427328,-1
1999,2000,1566049103413,-0.0815,-0.2005,0.011299999,-0.32374397,-10.00468,0.19173725,-1
2000,2001,1566049103423,0.0262,-0.23959999,-0.0448,-0.22442289999999998,-10.052688,0.12568602,-1
2001,2002,1566049103433,0.0262,-0.23959999,-0.0448,-0.13448709,-10.025547,0.060362615,-1
2002,2003,1566049103443,0.2854,-0.0927,-0.1629,0.056215855999999995,-9.908892999999999,0.013292608000000001,-1
2003,2004,1566049103453,0.2854,-0.0927,-0.1629,0.032360032000000004,-9.90373,-0.07846278,-1
2004,2005,1566049103463,0.1488,-0.18100000000000002,-0.13759999,-0.11201991,-9.998004,0.040557776000000004,-1
2005,2006,1566049103474,0.0682,-0.1908,-0.0223,-0.20369868,-10.008806,0.13258131,-1
2006,2007,1566049103484,0.096099995,-0.2006,-0.065,-0.15720327,-10.016861,0.123234354,-1
2007,2008,1566049103494,0.104899995,-0.23009999,-0.0888,-0.122324556,-10.039261,0.10314221,-1
2008,2009,1566049103504,0.0946,-0.1713,-0.1131,-0.15671486,-9.981627,0.08599015,-1
2009,2010,1566049103514,0.1239,-0.2008,-0.098299995,-0.13270581,-9.984759,0.10314221,-1
2010,2011,1566049103524,0.14400000000000002,-0.2206,-0.12329999,-0.12393346,-10.020557,0.11639651,-1
2011,2012,1566049103535,0.0959,-0.1619,-0.0699,-0.17297629,-9.983858999999999,0.17771679,-1
2012,2013,1566049103545,0.0681,-0.18159999,-0.0561,-0.18787779,-9.996711999999999,0.1566191,-1
2013,2014,1566049103555,0.060799997,-0.22109999,-0.052699998,-0.20110336,-10.023325,0.13697706,-1
2014,2015,1566049103565,0.0641,-0.2017,-0.108799994,-0.18322347,-10.000906,0.104013704,-1
2015,2016,1566049103576,0.0679,-0.19219999,-0.1855,-0.18912278,-10.023813,0.047002967,-1
2016,2017,1566049103586,0.1118,-0.23179999,-0.1572,-0.16164693,-10.002353,0.10567049,d
2017,2018,1566049103596,0.14459999,-0.15359999,-0.20349999,-0.10143754,-9.925566,0.05878244,-1
2018,2019,1566049103606,0.1882,-0.2127,-0.2503,-0.05143703,-10.080346,-0.020082563,-1
2019,2020,1566049103616,0.2705,-0.213,-0.2954,0.012842498,-9.863862,-0.09177454,-1
2020,2021,1566049103627,0.27449998,-0.1936,-0.39699998,0.005257667,-10.1327305,-0.06937439,-1
2021,2022,1566049103637,0.2583,-0.30159998,-0.3103,-0.03369121,-10.051031,-0.07787859400000001,-1
2022,2023,1566049103647,0.2611,-0.1252,-0.35029998,-0.030023288,-9.946988000000001,-0.10565133,-1
2023,2024,1566049103657,0.2834,-0.13509999,-0.4297,-0.05534437,-9.986647,-0.20178333,-1
2024,2025,1566049103668,0.2853,-0.2528,-0.4606,0.0698245,-10.070405000000001,-0.19238847,-1
2025,2026,1566049103678,0.3653,-0.0568,-0.532,0.21798727,-9.922702000000001,-0.21603361,-1
2026,2027,1566049103688,0.48389998,-0.1845,-0.42909998,0.17267939999999998,-9.995419,-0.17733373,-1
2027,2028,1566049103698,0.39609998,-0.1847,-0.57339996,-0.026748022000000003,-10.007303,-0.59864616,-1
2028,2029,1566049103708,0.1796,-0.13589999,-1.045,-0.28649017,-9.979942,-0.90015274,-1
2029,2030,1566049103719,-0.14649999,-0.1264,-1.6164,-0.6163058000000001,-10.151961,-1.6431215000000001,-1
2030,2031,1566049103729,-0.5336,-0.32279998,-2.3523,-0.9967924000000001,-10.219075,-2.3581066,-1
2031,2032,1566049103739,-0.98219997,-0.3423,-3.1594,-1.4166013000000002,-10.135365,-3.1099436000000003,-1
2032,2033,1566049103749,-1.1561999,-0.3908,-3.2877,-1.5428045,-9.971189500000001,-2.794972,-1
2033,2034,1566049103759,-1.3787,-0.233,-2.9308,-1.9214904,-10.191207,-1.9064261999999998,-1
2034,2035,1566049103770,-1.8685,-0.3985,-1.7196,-2.1518127999999996,-9.969532000000001,-0.93832594,-1
2035,2036,1566049103780,-1.9065,-0.35819998,-0.7894,-2.1428297,-10.007686999999999,-0.22204784,-1
2036,2037,1566049103790,-1.9030999,0.0641,-0.5812,-2.4137863999999998,-10.226794,0.23802195,-1
2037,2038,1566049103800,-2.2338,-0.4256,-0.041699997999999995,-2.5268786,-9.752675,-0.59874195,-1
2038,2039,1566049103810,-2.5156,-0.2978,-0.76909995,-2.8495214,-9.966095,-0.8969636999999999,-1
2039,2040,1566049103821,-2.6202,-0.1113,-1.2479,-2.8568666,-10.165675,-0.87354845,-1
2040,2041,1566049103831,-2.7828,-0.3563,-1.0783,-3.1643205,-10.3696995,-0.48363832,-1
2041,2042,1566049103841,-3.0349,-0.5326,-0.5221,-3.2179601000000004,-9.762080000000001,-1.0136476,-1
2042,2043,1566049103851,-3.0205,0.0462,-1.1277,-2.8926363,-10.242261,-0.4910412,-1
2043,2044,1566049103861,-2.5328999,-0.3457,-0.4533,-2.2364812,-9.844307,-0.52826625,-1
2044,2045,1566049103872,-2.0348,-0.0218,-0.606,-2.5178667999999997,-10.578664999999999,0.31749988,-1
2045,2046,1566049103882,-2.4311,-0.6295,0.096599996,-2.9083040000000002,-10.040238,-0.027006596,-1
2046,2047,1566049103892,-2.8300998,-0.1291,-0.3534,-3.4872506000000003,-10.144166,-0.45840344,-1
2047,2048,1566049103902,-3.4998,-0.099599995,-0.434,-3.6765552,-9.918191,-0.5018151,-1
2048,2049,1566049103913,-3.4998,-0.099599995,-0.434,-3.7681574999999996,-10.36198,-0.08293515,-1
2049,2050,1566049103923,-3.3198998,-0.27809998,1.0339999,-3.5062699999999998,-10.093093,0.85934603,-1
2050,2051,1566049103933,-3.3198998,-0.27809998,1.0339999,-2.6460142,-9.951058,2.2814537999999995,-1
2051,2052,1566049103943,-2.0036,-0.0184,3.1866999,-2.2292507,-9.82885,2.8365352,-1
2052,2053,1566049103953,-1.7752,-0.0704,3.4989,-2.0708218,-9.932786,2.9844298,-1
2053,2054,1566049103963,-1.5991,-0.5044,3.1095,-1.8472894,-10.3052,2.6472113,-1
2054,2055,1566049103973,-1.4925,-0.8792,2.6771998,-1.7513393,-10.642897,2.2457995,-1
2055,2056,1566049103984,-1.8184999,-0.5969,2.2510998,-2.0851007,-10.394523,1.7194294999999997,-1
2056,2057,1566049103994,-1.5616,-0.5211,2.2324998,-1.5740823,-10.346810000000001,1.6971060000000002,-1
2057,2058,1566049104004,-0.009699999,-0.7407,2.6573,-0.30165026,-10.530207,2.0257053,-1
2058,2059,1566049104014,-0.0052,-0.6771,3.388,-0.29359615,-10.485627000000001,2.8543386,-1
2059,2060,1566049104024,-0.0598,-0.5852,4.370899700000001,-0.39774394,-10.371518,3.610418,-1
2060,2061,1566049104034,0.39159998,-0.45479998,5.2258997,0.36064342,-10.225244,4.458558999999999,-1
2061,2062,1566049104045,2.3711,-0.65779996,5.5217,1.9773042,-10.4258,4.631277,-1
2062,2063,1566049104055,1.9632,-0.7126,5.773,1.3195691,-10.509712,4.8693943,-1
2063,2064,1566049104065,2.2367,-0.8735,5.4673,1.7832685000000001,-10.625668,4.506807299999999,-1
2064,2065,1566049104075,3.3885998999999996,-1.1902,4.8717,2.5103779999999998,-10.750895,3.9934998,-1
2065,2066,1566049104086,3.3137,-1.2116,4.9792,2.25982,-10.588338,3.8847072,-1
2066,2067,1566049104096,2.7138999,-0.6825,4.993,3.0355990000000004,-10.695589,3.4984074,-1
2067,2068,1566049104106,4.3188,-0.4861,3.8630998,3.7174866,-10.432811000000001,2.6810176,-1
2068,2069,1566049104116,3.9347,-0.5144,3.4143,3.593515,-10.369029,2.534186,-1
2069,2070,1566049104126,5.1856,-0.5229,2.4631998999999998,4.6557746,-10.138113,1.5507437,-1
2070,2071,1566049104136,5.2179,-0.21769999,2.3634,4.5655035999999996,-10.0320015,1.2469289,-1
2071,2072,1566049104146,5.6665,-0.0296,1.4132,4.775388700000001,-9.645166,0.59438455,-1
2072,2073,1566049104157,5.2535,0.16839999,1.1790999,4.380604,-9.637121,0.12919112,-1
2073,2074,1566049104167,5.7578998,-0.48619998,-0.248,5.113019,-9.984088999999999,-1.3502915,-1
2074,2075,1566049104177,6.0737,-0.0133,-1.1386,5.6554303,-10.422765,-2.8589642000000004,-1
2075,2076,1566049104187,6.6748,-0.3735,-2.5414,5.821626,-9.499033,-2.8880966,-1
2076,2077,1566049104197,6.5181,0.48259997,-2.2349,5.644167400000001,-9.518148,-3.154131,-1
2077,2078,1566049104207,6.5687,0.2216,-3.3116999,5.8353877,-9.518714,-3.601607,-1
2078,2079,1566049104217,6.5792,-0.06839999599999999,-4.1265,5.6436505,-10.096971,-5.062166,-1
2079,2080,1566049104227,6.263999999999999,0.22029999,-4.4927998,5.158518,-9.544783,-4.4453435,-1
2080,2081,1566049104238,5.5367,-0.2262,-4.5710998,4.677466000000001,-10.02458,-4.6853957,-1
2081,2082,1566049104248,4.601,-0.34989998,-5.1109,3.4474013,-10.459338,-5.5143059999999995,-1
2082,2083,1566049104258,3.7800998999999997,-0.6507,-5.8328,3.0414312000000003,-10.363274,-5.8869489999999995,-1
2083,2084,1566049104268,3.2082,-0.5503,-6.4558,2.4055886,-10.305899,-6.5562725,-1
2084,2085,1566049104278,2.7582,-0.4701,-6.7376,1.8851273999999998,-10.150947,-6.458962400000001,-1
2085,2086,1566049104288,2.2173,-0.331,-6.4905,1.4022839,-10.151798,-6.040504,-1
2086,2087,1566049104299,1.5661,-0.2904,-5.7853,0.60684395,-10.157046000000001,-5.1879864,-1
2087,2088,1566049104309,0.85459995,-0.4752,-5.0929,-0.09969456,-10.961738,-4.272501,-1
2088,2089,1566049104319,0.3234,-1.2287999,-4.2233,0.0145759005,-10.241964,-3.5205684,-1
2089,2090,1566049104329,0.55979997,0.0374,-3.5865998,0.080311105,-9.154834,-3.5877016000000004,-1
2090,2091,1566049104339,0.4407,0.8134,-3.7686,-0.2956935,-8.882584,-3.9363167000000003,-1
2091,2092,1566049104350,-0.19929999,0.9129999999999999,-4.1723,-1.6078309,-9.507519,-4.0427055,-1
2092,2093,1566049104360,-1.9728999,-0.35,-3.8542998,-4.8075475999999995,-11.97664,-2.9520125,-1
2093,2094,1566049104370,-6.2783,-2.9075,-2.1755,-6.652854400000001,-11.958051,-1.9637913,-1
2094,2095,1566049104380,-4.8422,-0.0721,-2.6166,-5.169206,-9.83403,-3.0433847999999997,-1
2095,2096,1566049104390,-5.6607,-0.57199997,-3.3344998,-5.889037,-10.709561,-3.4495177000000004,-1
2096,2097,1566049104400,-5.4309,-0.84669995,-3.5481,-4.628605,-10.196828,-3.7665292999999997,-1
2097,2098,1566049104411,-3.7982998,-0.2393,-4.1333,-4.002406,-10.225138000000001,-4.0384912,-1
2098,2099,1566049104421,-3.648,-0.33799999999999997,-4.281399700000001,-3.8981242,-9.947343,-4.1768956,-1
2099,2100,1566049104431,-3.8593,-0.1715,-4.1397,-4.67443,-9.726722,-3.5636352999999996,-1
2100,2101,1566049104441,-4.5539,0.083799995,-3.4994,-5.6390057,-10.012236,-2.4207389999999998,-1
2101,2102,1566049104451,-5.5011997,-0.111499995,-2.2366,-6.1594477,-10.215638,-0.86637545,-1
2102,2103,1566049104462,-5.9258,-0.38549998,-0.5754,-5.684936,-10.134829,0.9354146000000001,-1
2103,2104,1566049104472,-5.4479999999999995,-0.32639998,0.87759995,-4.7998095,-10.144577,1.8989755000000001,-1
2104,2105,1566049104482,-4.1907997,-0.3658,2.3457,-3.4411576,-10.30495,3.0508162999999997,-1
2105,2106,1566049104492,-2.3495,-0.0328,2.822,-1.7289106,-9.252106,2.1774786,-1
2106,2107,1566049104502,-1.4444,0.5354,2.1357,-2.8433444,-9.831741000000001,2.2675482999999996,-1
2107,2108,1566049104512,-2.5648,-0.013999999499999999,2.1527,-3.6137986000000004,-10.5748825,2.5185182,-1
2108,2109,1566049104522,-3.2213,-0.7302,2.2467,-2.4999008,-10.148092,1.4922101,-1
2109,2110,1566049104532,-2.2331998,-0.3385,1.2957,-2.1879845,-9.943397500000001,1.5783726999999999,-1
2110,2111,1566049104542,-1.7062998999999999,-0.2507,1.5443,-1.1941321000000003,-9.746891,2.518911,-1
2111,2112,1566049104552,-0.932,0.0629,2.2927,-1.1021085,-9.786471,3.0509982000000004,-1
2112,2113,1566049104563,-0.8616,0.0144,4.0362,-1.1203237,-9.790283,4.2496504999999996,-1
2113,2114,1566049104573,-0.728,-0.014699998999999998,4.5617,-1.0765576000000001,-9.962311999999999,4.883683,-1
2114,2115,1566049104583,-0.728,-0.014699998999999998,4.5617,-0.9237213,-9.975404,4.4832673,-1
2115,2116,1566049104593,-0.3065,-0.1135,3.2022,-0.62294257,-9.909763,3.6047196,-1
2116,2117,1566049104604,-0.14549999,-0.0557,1.8040999,-0.39949650000000003,-9.869168,2.081701,-1
2117,2118,1566049104614,-0.1321,-0.1744,0.6436,-0.38880879999999995,-9.984309,0.801981,-1
2118,2119,1566049104624,-0.1301,-0.175,0.3708,-0.38822457,-9.985238,0.697565,-1
2119,2120,1566049104634,-0.1099,-0.1358,0.5772,-0.3621278,-9.948051,0.9858173000000001,-1
2120,2121,1566049104644,0.0061999997,-0.1156,1.0141,-0.25378537,-9.92885,1.3226815,-1
2121,2122,1566049104654,0.110599995,-0.1148,1.0479,-0.1248241,-9.947841,1.2524548999999998,-1
2122,2123,1566049104664,0.10529999400000001,-0.17279999,0.56619996,-0.14927368,-9.982451,0.81593436,-1
2123,2124,1566049104674,0.049,-0.24049999,0.16659999,-0.21263383,-10.042613000000001,0.3401969,-1
2124,2125,1566049104684,0.049,-0.24049999,0.16659999,-0.19276196,-10.035843,0.24124934,-1
2125,2126,1566049104695,-0.0143,-0.2094,0.024,-0.23799323,-10.024369,0.16836984,-1
2126,2127,1566049104705,0.0196,-0.20879999,0.0026999997999999996,-0.2019174,-10.021678,0.12310985,-1
2127,2128,1566049104715,0.0554,-0.2182,-0.0391,-0.107164465,-10.033755000000001,-0.008944738,-1
2128,2129,1566049104725,0.1025,-0.18859999,-0.0346,-0.09001241,-9.995639,-0.06742072,-1
2129,2130,1566049104735,0.1806,-0.1787,-0.121599995,-0.03029144,-10.007485,-0.16474023,-1
2130,2131,1566049104745,0.16139999,-0.16899999999999998,-0.1037,-0.07613561,-9.992353999999999,-0.15991351,-1
2131,2132,1566049104756,0.103099994,-0.17889999,-0.1278,-0.120179355,-9.996883,-0.19389203,-1
2132,2133,1566049104766,0.1241,-0.2182,-0.0964,-0.11960474,-10.006461,-0.20315279999999997,-1
2133,2134,1566049104776,0.067999996,-0.16939999,-0.0692,-0.15485696,-9.991722,-0.15094963,-1
2134,2135,1566049104786,0.0725,-0.19909999,-0.0458,-0.15768214,-10.007956,-0.15958789999999998,-1
2135,2136,1566049104796,0.047799997000000004,-0.2189,0.0045,-0.19589359,-10.004287,-0.11773726,-1
2136,2137,1566049104807,0.0524,-0.23869999,0.014099998999999998,-0.17391479999999998,-10.026639,-0.14389153,d
2137,2138,1566049104816,0.0964,-0.239,-0.0652,-0.15010688,-10.014237,-0.22434628,-1
2138,2139,1566049104826,0.0726,-0.21959999,-0.077,-0.16236518,-10.052458,-0.21830331,-1
2139,2140,1566049104836,0.0981,-0.13159999,-0.0901,-0.16364847,-9.996157,-0.23688231,-1
2140,2141,1566049104846,0.0545,-0.18079999,-0.0639,-0.20619823,-9.95759,-0.22554338,-1
2141,2142,1566049104857,0.068799995,-0.16149999,-0.0765,-0.17709431,-9.968115,-0.28360754,-1
2142,2143,1566049104867,0.0716,-0.1911,-0.1074,-0.15456009,-9.997755,-0.31632194,-1
2143,2144,1566049104877,0.1125,-0.19129999,-0.1265,-0.19045396,-10.038427,-0.35296279999999997,-1
2144,2145,1566049104887,0.065,-0.1916,-0.154,-0.21920353,-10.014151,-0.33085954,-1
2145,2146,1566049104897,0.096,-0.1723,-0.121999994,-0.17900968,-9.9830265,-0.34736034,-1
2146,2147,1566049104907,0.10759999599999999,-0.2314,-0.0602,-0.20693564,-10.045276,-0.27042988,-1
2147,2148,1566049104918,0.0609,-0.1925,0.0296,-0.24846068,-9.986866000000001,-0.112498745,-1
2148,2149,1566049104928,0.044299997,-0.1732,0.1945,-0.23318566,-10.004555,-0.06875189999999999,-1
2149,2150,1566049104938,0.067099996,-0.1929,0.19749999,-0.18839495,-9.999651,0.025263617000000002,-1
2150,2151,1566049104948,0.15879999,-0.1929,0.3211,-0.08582733599999999,-9.955292,0.14916836,-1
2151,2152,1566049104958,0.21069999,-0.1143,0.3787,-0.080847405,-9.950082,0.16991171,-1
2152,2153,1566049104968,0.15339999,-0.1532,0.3301,-0.13382629999999998,-9.933802,0.11440454,-1
2153,2154,1566049104979,0.104499996,-0.1134,0.30269998,-0.3042743,-9.95239,0.02504335,-1
2154,2155,1566049104990,-0.08339999599999999,-0.1715,0.0938,-0.35978147,-10.017244,-0.19461029999999999,-1
2155,2156,1566049104999,-0.0554,-0.22019999,-0.1346,-0.28483337,-10.038160000000001,-0.3102311,-1
2156,2157,1566049105009,0.0018999999,-0.19029999,-0.20789999,-0.26705885,-10.024399,-0.23207475,-1
2157,2158,1566049105020,0.0491,-0.1803,0.0101,-0.21830331,-9.9476595,0.14053006,-1
2158,2159,1566049105029,0.086799994,-0.1607,0.2057,-0.21616767,-9.971524,0.37828390000000006,-1
2159,2160,1566049105039,0.0066,-0.1513,0.45549998,-0.31977916,-9.958739,0.6286312,-1
2160,2161,1566049105049,-0.0552,-0.152,0.5118,-0.1967076,-9.854591000000001,0.97449756,-1
2161,2162,1566049105060,0.0396,0.0036,0.7355,-0.9535818000000001,-9.475617999999999,0.72236896,-1
2162,2163,1566049105070,-1.1019,-0.3319,-0.0245,-1.3553959,-9.637226,1.3051081,-1
2163,2164,1566049105080,-1.0468,-0.109799996,0.9474,-1.1314328000000002,-10.296121000000001,1.2963262,-1
2164,2165,1566049105090,-0.6617,-0.47759998,0.937,-0.09688856,-10.429114,1.8693928,-1
2165,2166,1566049105100,0.2479,-0.5636,1.3024,-0.02891238,-10.218702,2.3176734,-1
2166,2167,1566049105110,0.0368,-0.3883,1.7385,-1.0163673,-10.187816999999999,3.4648697,-1
2167,2168,1566049105120,-0.80399996,-0.5013,2.7368999,-1.7033883,-10.401628500000001,4.6338243,-1
2168,2169,1566049105130,-1.7435,-0.6691,4.0648,-2.741361,-10.721839,6.246616,-1
2169,2170,1566049105140,-2.4127,-1.111,5.071399700000001,-3.3591415999999996,-10.695569,6.873044500000001,-1
2170,2171,1566049105150,-3.1255,-1.0289,5.6226997,-3.7351463,-10.792983999999999,7.729287599999999,-1
2171,2172,1566049105160,-2.9424,-1.2923,5.8992996,-2.9006423999999997,-11.132971000000001,8.074214999999999,-1
2172,2173,1566049105171,-1.6790999,-1.7731999,5.7581997000000005,-1.7306056,-11.521607000000001,7.65366,-1
2173,2174,1566049105181,-0.66639996,-2.2229,4.6526,-1.2207556,-11.839663,7.004630000000001,-1
2174,2175,1566049105191,0.0699,-2.9301,3.4315,-0.77179486,-12.601057,6.261728,-1
2175,2176,1566049105201,0.5147,-3.7008,2.3953,-0.71807855,-12.831561,6.023054599999999,-1
2176,2177,1566049105212,0.7599,-4.1373997000000005,1.7744,-0.65766805,-12.703509,6.5658493,-1
2177,2178,1566049105222,1.0274,-4.217,1.9521998999999999,-0.82877684,-11.96168,7.5011106,-1
2178,2179,1566049105232,1.0403,-3.8795998,2.2452,-1.0928094,-11.432246000000001,7.3438115,-1
2179,2180,1566049105242,0.9147,-3.6151998,1.5371,-1.7232506,-10.491708000000001,6.2761602,-1
2180,2181,1566049105252,0.5351,-3.1674,0.1325,-2.2335796,-9.403869,5.207033999999999,-1
