,Seq,Time,ACCx,ACCy,ACCz,ADGx,ADGy,ADGz,Keydown
0,1,1566171855406,-1.4272,0.3067,0.067499995,6.7643094,-5.023696,0.90457726,-1
1,2,1566171855417,-1.569,0.118499994,0.3854,9.197987,-3.0173259999999997,-0.5307083,-1
2,3,1566171855427,-0.6558,0.22549999,0.0276,8.46199,-2.8660892999999996,-0.21875341,-1
3,4,1566171855437,-0.92039996,0.4863,0.40989998,8.22369,-2.6589717999999998,-0.23415293,-1
4,5,1566171855447,-1.3379999,0.131,-1.0875,7.9518337,-3.090359,-2.0553265,-1
5,6,1566171855458,-1.0145,0.33049998,-1.875,8.764818,-2.569917,-1.8586186999999998,-1
6,7,1566171855469,-0.2525,0.7427,-1.2998999,9.621348,-2.2058642,-0.794128,-1
7,8,1566171855479,0.4917,1.0385,-0.32189998,10.145736999999999,-1.9957203999999997,-0.2876681,-1
8,9,1566171855489,1.1142,1.3194,0.23399999999999999,10.696575,-1.748993,-0.13635457,-1
9,10,1566171855499,1.4886,1.4544,0.31829998,10.812857000000001,-1.7008791,-0.16943286,-1
10,11,1566171855509,1.4382,1.3734,0.2985,10.524488999999999,-1.7771008999999998,-0.29614359999999995,-1
11,12,1566171855519,1.102,1.2189,0.1563,10.0863695,-1.8719211,-0.4928512,-1
12,13,1566171855529,0.49989998,0.9878,-0.21599999,9.457968,-2.0741925,-1.1714541,-1
13,14,1566171855539,-0.034199997999999995,0.6908,-0.8103,9.053118,-2.1797578,-1.7516650000000002,-1
14,15,1566171855549,-0.5674,0.28509998,-1.2463,8.780955,-2.2728827000000003,-1.9737415,-1
15,16,1566171855559,-0.77199996,0.0407,-1.0663999,8.734795,-2.3052619,-1.8777342000000001,-1
16,17,1566171855570,-0.728,-0.091,-0.61359996,8.955425,-2.39718,-1.1194617,-1
17,18,1566171855580,-0.4838,-0.1423,-0.0106999995,9.257804,-2.3567946,-0.5497949000000001,-1
18,19,1566171855590,-0.2478,-0.10569999,0.4367,9.315265,-2.3738606,-0.36912844,-1
19,20,1566171855600,-0.19759999,-0.15169999,0.6688,9.203005000000001,-2.413949,-0.28657636,-1
20,21,1566171855610,-0.3044,-0.1741,0.74469995,8.984797,-2.4369237,-0.32494104,-1
21,22,1566171855621,-0.5683,-0.1927,0.7115,8.594130499999999,-2.456403,-0.38229653,-1
22,23,1566171855631,-0.91069996,-0.2077,0.6498,8.354633,-2.4676652000000003,-0.6258826,-1
23,24,1566171855641,-1.1937,-0.2181,0.28919998,8.108864,-2.4963,-1.349372,-1
24,25,1566171855651,-1.3873999,-0.2138,-0.32709998,8.082663,-2.4584334,-1.6286701000000001,-1
25,26,1566171855661,-1.3835,-0.1457,-0.6185,8.282061,-2.3634791,-1.5903437,-1
26,27,1566171855672,-1.2120999,-0.0446,-0.5959,8.447424,-2.3197324,-1.2480208000000002,-1
27,28,1566171855682,-1.0007,0.048899997,-0.1511,8.692848,-2.1759462000000003,-0.29581799999999997,-1
28,29,1566171855692,-0.78889996,0.192,0.6974,8.816158999999999,-2.1249017999999995,0.18773414,-1
29,30,1566171855702,-0.68909997,0.2713,1.3252,8.7788,-2.1507783,0.35900578,-1
30,31,1566171855712,-0.68909997,0.2713,1.3252,8.625533,-2.2168872000000004,0.07021715,-1
31,32,1566171855722,-1.1085,0.0212,0.29749998,8.348811,-2.4503217,-0.66365355,-1
32,33,1566171855733,-1.2687,-0.1934,-0.15869999,8.133697,-2.7700722,-1.1194425,-1
33,34,1566171855743,-1.2687,-0.1934,-0.15869999,8.173411999999999,-2.8549417999999998,-0.9680235999999999,-1
34,35,1566171855753,-0.99799997,-0.18699999,0.3529,8.476163,-2.7270243,-0.53678,-1
35,36,1566171855763,-0.8423,-0.056599997,0.62479997,8.578415,-2.6530723999999997,-0.30170774,-1
36,37,1566171855773,-0.7653,-0.0356,0.6717,8.626586999999999,-2.643687,-0.32417490000000004,-1
37,38,1566171855784,-0.8063,0.0138,0.29549998,8.607251,-2.6507834999999997,-0.6275776999999999,-1
38,39,1566171855794,-0.8063,0.0138,0.29549998,8.600346,-2.6440701,-0.8227722,-1
39,40,1566171855804,-0.9571,0.0714,0.035499997,8.43052,-2.6499696,-0.88754976,-1
40,41,1566171855814,-1.1843,0.097799994,-0.018199998999999998,8.156787,-2.6458802,-0.96081233,-1
41,42,1566171855824,-1.431,0.0447,-0.0682,7.9475717999999995,-2.7219486,-1.0051912,-1
42,43,1566171855834,-1.4907999,-0.026099999,-0.3349,7.8867974,-2.8041275000000003,-1.3387418,-1
43,44,1566171855844,-1.324,0.0539,-0.4077,8.027968,-2.7763066000000003,-1.3569856000000002,-1
44,45,1566171855855,-1.0670998999999999,0.0896,-0.0072,8.33413,-2.7798312000000003,-0.8816695999999999,-1
45,46,1566171855865,-0.7594,0.0413,0.5732,8.692341,-2.874603,-0.11309251,-1
46,47,1566171855875,-0.5288,0.0652,1.1055,8.814817999999999,-2.8860762,0.19321208,-1
47,48,1566171855885,-0.3268,0.0425,1.3407999,9.018307,-3.002559,0.26899335,-1
48,49,1566171855895,-0.2618,0.0611,0.9422,9.053721000000001,-3.0109096,-0.22138704,-1
49,50,1566171855905,-0.2267,0.0313,0.31939998,9.081954,-3.0863557,-0.8947419,-1
50,51,1566171855916,-0.13329999,-0.0004,-0.2565,9.185958,-3.1812525000000003,-1.4929667,-1
51,52,1566171855926,0.007999999,-0.0277,-0.60069996,9.313081,-3.1892683999999996,-1.5580698,-1
52,53,1566171855936,0.1691,0.049399998,-0.5437,9.421911,-3.1839435000000003,-1.5026201000000001,-1
53,54,1566171855946,0.2418,0.0067,-0.3354,9.505355,-3.3111808,-1.2257354,-1
54,55,1566171855956,0.34329998,-0.0866,-0.0699,9.526194,-3.4280565000000003,-1.0363542,-1
55,56,1566171855966,0.3268,-0.2579,0.0819,9.554013000000001,-3.6579092000000006,-0.871183,-1
56,57,1566171855977,0.5166,-0.34919998,0.122999996,9.827776,-3.7446367999999994,-0.9691440999999998,-1
57,58,1566171855987,0.8053,-0.3216,0.057,10.079206,-3.6807212999999996,-0.95934707,-1
58,59,1566171855997,1.1337,-0.1865,0.1037,10.462671,-3.5719767,-0.83931136,-1
59,60,1566171856007,1.4517,-0.1039,0.2823,10.631549,-3.5337174,-0.66765666,-1
60,61,1566171856018,1.5911,-0.027199998,0.4811,10.774759,-3.5400667,-0.4960307,-1
61,62,1566171856029,1.6492,-0.0557,0.48189998,10.742897,-3.6344937999999996,-0.7338994000000001,-1
62,63,1566171856039,1.6362,-0.109,0.3208,10.733292,-3.616049,-0.9062148999999999,-1
63,64,1566171856049,1.5720999,-0.096599996,0.014599998999999999,10.552942,-3.7235199999999997,-1.2446593000000001,-1
64,65,1566171856060,1.4376,-0.2146,-0.17009999,10.4412565,-3.813475,-1.0914973999999997,-1
65,66,1566171856070,1.3019999,-0.2667,0.0473,10.3344755,-3.718837,-0.92408526,-1
66,67,1566171856080,1.2341,-0.1248,0.16569999,10.282091000000001,-3.5548723,-0.7614135999999999,-1
67,68,1566171856090,1.1657,0.0449,0.3529,10.178230000000001,-3.3547267999999995,-0.5909943,-1
68,69,1566171856100,1.0476,0.2534,0.4096,10.017206,-3.2640345,-0.71248573,-1
69,70,1566171856111,0.82089996,0.29299998,0.2109,9.768391000000001,-3.2752678,-0.9357880999999999,-1
70,71,1566171856120,0.62329996,0.2935,0.038599997999999996,9.59778,-3.294747,-0.942693,-1
71,72,1566171856130,0.39679998,0.2653,0.055299997000000004,9.357919,-3.3444220000000002,-0.71808815,-1
72,73,1566171856140,0.22049999,0.2189,0.30179998,9.155341,-3.4231050000000005,-0.40335596,-1
73,74,1566171856150,0.0056,0.075899996,0.65849996,9.024647,-3.6149477999999995,-0.12629893,-1
74,75,1566171856161,-0.0519,-0.065799996,0.8170000000000001,9.038293,-3.6389663,-0.27780402,-1
75,76,1566171856171,-0.011899999,-0.0015,0.55869997,9.159497,-3.5520282,-0.62112296,-1
76,77,1566171856181,0.0861,0.0609,0.24,9.194825999999999,-3.4656549,-0.85887676,-1
77,78,1566171856191,0.1043,0.15879999,-0.0376,9.101002000000001,-3.3644184999999998,-1.1325915000000002,-1
78,79,1566171856201,-0.2545,0.116799995,-0.3807,8.845647,-3.4617572,-1.2891531,-1
79,80,1566171856212,-0.2545,0.116799995,-0.3807,8.72833,-3.4833239999999996,-1.1387111,-1
80,81,1566171856222,-0.47529998,0.0695,0.0513,8.63306,-3.4906504000000003,-0.8730696,-1
81,82,1566171856232,-0.47529998,0.0695,0.0513,8.675858999999999,-3.4568347999999998,-0.72415024,-1
82,83,1566171856243,-0.41689998,0.1329,0.253,8.803595,-3.3780177000000005,-0.6376429,-1
83,84,1566171856253,-0.28779998,0.1616,0.154,8.827115,-3.3992589,-0.827053,-1
84,85,1566171856263,-0.2568,0.096999995,-0.0624,8.841557,-3.4598129,-1.019068,-1
85,86,1566171856273,-0.1962,-0.0053999997,-0.2025,8.878687,-3.5678777999999998,-1.1572325,-1
86,87,1566171856283,-0.0175,0.0004,0.0411,9.080421000000001,-3.5689023,-0.9150064,-1
87,88,1566171856294,-0.0175,0.0004,0.0411,9.199816,-3.510704,-0.8784709,-1
88,89,1566171856304,0.122099996,0.0678,0.0808,9.215378,-3.5053794000000003,-0.8639908000000002,-1
89,90,1566171856314,-0.0156,0.078999996,-0.096,9.027711,-3.5005622000000005,-1.1297758999999998,-1
90,91,1566171856324,-0.1934,0.02,-0.4222,8.813669,-3.6248690000000003,-1.5297416000000001,-1
91,92,1566171856334,-0.3419,-0.1282,-0.76409996,8.76953,-3.7281932999999996,-1.6899520000000001,-1
92,93,1566171856344,-0.2738,-0.1099,-0.68579996,8.824883,-3.6933818,-1.5950937,-1
93,94,1566171856355,-0.1068,-0.0822,-0.2157,9.025153999999999,-3.6316017999999994,-1.0550481000000003,-1
94,95,1566171856365,0.049799997,0.0512,0.19929999,9.184425,-3.458932,-0.6318394,-1
95,96,1566171856375,0.029099998999999998,0.1436,0.4262,9.108989999999999,-3.427204,-0.4544195,-1
96,97,1566171856385,-0.12019999,0.20439999,0.5707,8.905597,-3.3451211000000005,-0.42427170000000003,-1
97,98,1566171856395,-0.3096,0.2163,0.5408,8.713925999999999,-3.3557992,-0.42267236,-1
98,99,1566171856405,-0.58669996,0.1625,0.47529998,8.462919,-3.4191977999999996,-0.51059705,-1
99,100,1566171856416,-0.6757,0.1047,0.31649998,8.460084,-3.4336681000000002,-0.6336685999999999,-1
100,101,1566171856426,-0.5857,0.0341,0.1073,8.598066000000001,-3.566901,-0.9017712999999999,-1
101,102,1566171856436,-0.3364,-0.0894,-0.1392,8.967674,-3.6969538,-1.0520791999999999,-1
102,103,1566171856447,0.0137,-0.0995,-0.1165,9.254451,-3.7120757000000006,-1.0075184000000001,-1
103,104,1566171856457,0.3908,-0.1565,-0.14739999,9.623244999999999,-3.7288349000000003,-1.0882701000000001,d
104,105,1566171856467,0.6098,-0.0985,-0.2289,9.717519,-3.7222366,-1.1087931,-1
105,106,1566171856477,0.5704,-0.1663,-0.1065,9.572134,-3.8473672999999997,-0.91953623,-1
106,107,1566171856487,0.3707,-0.3111,0.0637,9.353954,-3.9732544,-0.66975397,-1
107,108,1566171856497,0.1493,-0.461,0.4682,9.204327000000001,-4.1410975,-0.16889656,-1
108,109,1566171856508,0.0645,-0.56369996,0.86359996,9.128152,-4.256297,0.13494678,-1
109,110,1566171856518,0.029399997999999997,-0.812,1.0044,9.188725,-4.506452599999999,0.16816874,-1
110,111,1566171856528,0.16229999,-0.9790000000000001,1.0087,9.583195,-4.517686,0.017056294,-1
111,112,1566171856538,0.5604,-0.9777,0.8444,9.939519,-4.480844,-0.106666476,-1
112,113,1566171856548,0.9381,-0.88949996,0.6878,10.366864,-4.3634806,-0.44942996,-1
113,114,1566171856558,1.3137,-0.777,0.185,10.606371000000001,-4.17589,-0.9436985000000001,-1
114,115,1566171856569,1.5979999,-0.5934,-0.3985,10.9066515,-3.8557086000000003,-1.4745792,-1
115,116,1566171856579,1.8005999,-0.34039998,-0.7162,11.071918499999999,-3.694579,-1.5646874,-1
116,117,1566171856589,1.9217,-0.11699999999999999,-0.8911,11.1683,-3.3203077000000003,-1.8035808,-1
117,118,1566171856599,1.9712,0.1357,-1.0302,11.06058,-3.0530381,-1.8896285,-1
118,119,1566171856609,1.7145,0.37939999,-1.1327,10.814341,-2.8638196,-1.8658013,-1
119,120,1566171856619,1.3181,0.5057,-0.89449996,10.273481,-2.6248207000000003,-1.5651184,-1
120,121,1566171856630,0.8426,0.6173,-0.6433,9.712041000000001,-2.3083264999999997,-1.2985672,-1
121,122,1566171856640,0.3184,0.856,-0.41349998,9.298227,-2.0207636000000004,-1.2175665,-1
122,123,1566171856650,-0.23429999,1.0783,-0.3895,8.6559105,-1.7784799999999998,-1.3197798,-1
123,124,1566171856660,-0.7563,1.2178,-0.5045,8.305264999999999,-1.5535017,-1.298117,-1
124,125,1566171856670,-1.1775,1.4346,-0.38959998,7.937028,-1.193318,-1.031336,-1
125,126,1566171856681,-1.4873999,1.7206,-0.1374,7.6517344,-1.0131687,-0.8771014000000001,-1
126,127,1566171856691,-1.9014,1.7332,-0.0312,6.9652977,-1.5190923,-0.66760874,-1
127,128,1566171856701,-2.5175,1.1498,0.2138,6.630617,-2.158325,-0.38080257,-1
128,129,1566171856711,-2.7563999,0.6191,0.4059,6.721376400000001,-2.5333145,-0.25789383,-1
129,130,1566171856722,-2.0646,-0.1681,0.5381,7.308453999999999,-2.961484,-0.2560168,-1
130,131,1566171856732,-1.3522999,-0.18699999,0.44169998,8.217705,-2.9757247000000002,-0.39233303,-1
131,132,1566171856742,-1.3522999,-0.18699999,0.44169998,8.580129,-2.9146628,-0.47994167,-1
132,133,1566171856753,-0.5983,-0.048499997999999996,0.36679998,8.7549925,-2.8903377,-0.38231570000000004,-1
133,134,1566171856763,-0.7453,-0.1357,0.4125,8.624452,-2.9851289,-0.36788344,-1
134,135,1566171856773,-1.0123,-0.2411,0.3251,8.317072999999999,-3.087036,-0.5035581,-1
135,136,1566171856783,-1.1618998999999999,-0.271,0.1661,8.213625,-3.0943716,-0.631849,-1
136,137,1566171856793,-1.1618998999999999,-0.271,0.1661,8.192747,-3.1063330000000002,-0.58747005,-1
137,138,1566171856804,-0.9569,-0.2047,0.5606,8.506081,-2.99665,-0.13677596,-1
138,139,1566171856814,-0.72999996,-0.076299995,0.8081,8.672756,-2.8694124,-0.012248736000000001,-1
139,140,1566171856824,-0.6204,-0.0424,0.83159995,8.772633,-2.8691251,0.022629995,-1
140,141,1566171856834,-0.5597,-0.0069,0.78249997,8.830869,-2.8157822999999995,-0.06944143,-1
141,142,1566171856844,-0.4888,0.0793,0.5067,8.876971000000001,-2.7493098,-0.33245885,-1
142,143,1566171856854,-0.45659998,0.059499998,0.0548,8.884241000000001,-2.7819380000000002,-0.88654417,-1
143,144,1566171856865,-0.46289998,-0.0075,-0.3662,8.915672,-2.8949728,-1.276368,-1
144,145,1566171856875,-0.3215,-0.1223,-0.4321,9.056202,-3.0186669999999998,-1.2405316000000002,-1
145,146,1566171856885,-0.0909,-0.1573,-0.0607,9.369363,-3.0244322,-0.7228190999999999,-1
146,147,1566171856895,0.2086,-0.0753,0.35459998,9.597809,-2.970256,-0.4757949000000001,-1
147,148,1566171856905,0.4089,-0.0158,0.3355,9.791844000000001,-2.9020214,-0.60642254,d
148,149,1566171856916,0.4795,0.0479,0.1537,9.81208,-2.8489562999999998,-0.7625341,-1
149,150,1566171856926,0.3319,0.027099999,0.044499997,9.665899000000001,-2.8886523,-0.8344176,-1
150,151,1566171856936,0.1336,-0.16499999,0.0211,9.415628,-3.0897650000000003,-0.84679085,-1
151,152,1566171856946,0.0332,-0.3191,0.1558,9.350889,-3.2908494,-0.58218366,-1
152,153,1566171856956,0.0221,-0.47079998,0.43219998,9.378855,-3.4058287000000003,-0.39442077,-1
153,154,1566171856967,0.2478,-0.6185,0.5049,9.693711,-3.5264964,-0.3811186,-1
154,155,1566171856977,0.5338,-0.6638,0.52919996,9.960875,-3.5537424,-0.34804029999999997,-1
155,156,1566171856987,0.91819996,-0.66859996,0.39569998,10.367803,-3.5325297999999994,-0.6063651,-1
156,157,1566171856997,1.1938,-0.5676,0.1424,10.647511999999999,-3.4548907,-0.8410351,-1
157,158,1566171857007,1.3893,-0.5402,0.0244,10.787804,-3.4345398,-0.8311710999999999,-1
158,159,1566171857017,1.4456999,-0.5098,0.026899998999999997,10.809706,-3.4249916,-0.87452525,-1
159,160,1566171857028,1.51,-0.5651,-0.07369999599999999,10.902907,-3.4207015,-0.98314536,-1
160,161,1566171857038,1.5827,-0.509,-0.111499995,10.926131,-3.3291852,-1.0786263,-1
161,162,1566171857048,1.5359,-0.43989998,-0.1873,10.803797,-3.238426,-1.1726034,-1
162,163,1566171857058,1.4089,-0.39729998,-0.252,10.654323,-3.1136785,-1.3250469999999999,-1
163,164,1566171857068,1.2013,-0.2938,-0.4538,10.489573,-2.9747095,-1.6537805,-1
164,165,1566171857079,1.0608,-0.23529999,-0.74509996,10.341687,-2.8578627,-1.8839015,-1
165,166,1566171857089,0.8803,-0.0931,-0.9359999999999999,10.194146,-2.5607615000000004,-2.0511796,-1
166,167,1566171857099,0.7488,0.0556,-1.0540999,10.053473,-2.400417,-2.1518794999999997,-1
167,168,1566171857109,0.5291,0.1822,-1.2281,9.736376,-2.2412026000000003,-2.44697,-1
168,169,1566171857120,0.22109999,0.2482,-1.4605,9.489313000000001,-2.146785,-2.7927883,-1
169,170,1566171857130,-0.0866,0.2742,-1.8808,9.166891,-2.0459026999999996,-3.1127207,-1
170,171,1566171857140,-0.3548,0.3398,-2.0565,8.990821,-1.8610896000000001,-3.1007689999999997,-1
171,172,1566171857150,-0.5855,0.48319998,-1.9655,8.663927000000001,-1.5668422,-2.9921584,-1
172,173,1566171857160,-0.9091,0.70059997,-1.8462,8.362737,-1.4185549,-3.006169,-1
173,174,1566171857171,-1.3144,0.81909996,-1.8828,7.8843837,-1.1400422,-3.0209558,-1
174,175,1566171857181,-1.7597,0.98829997,-1.9128,7.271861,-0.85938436,-2.7595662999999995,-1
175,176,1566171857191,-2.2639,1.1998999,-1.6776999,6.880619500000001,-0.82691896,-2.5473156,-1
176,177,1566171857201,-2.7969999999999997,1.1798999,-1.4093,6.210626599999999,-0.9365351000000001,-2.266677,-1
177,178,1566171857211,-3.3583,1.0296,-1.2348,5.8777175,-1.0108894,-1.8228398999999997,-1
178,179,1566171857221,-3.7803,0.91899997,-0.7197,5.671481,-1.1228709,-1.1683896,-1
179,180,1566171857231,-3.9053998,0.78279996,-0.2173,5.7218165,-1.2274209999999999,-0.71076185,-1
180,181,1566171857241,-3.8314,0.67179996,0.3213,6.034959,-1.3531836000000002,0.03751235,-1
181,182,1566171857251,-3.5483,0.56659997,0.8892,6.364018,-1.4385992,0.6622266,-1
182,183,1566171857262,-2.7477999,0.3462,2.2905998,6.832036500000001,-1.630212,1.5084524,-1
183,184,1566171857272,-2.3006,0.1169,2.7273998,7.3771863,-1.9688191000000002,2.0277357,-1
184,185,1566171857282,-1.8029,-0.11699999999999999,2.9178998,7.7614274000000005,-2.1944582,2.2237153,-1
185,186,1566171857292,-1.8029,-0.11699999999999999,2.9178998,8.06506,-2.3605776,2.3879,-1
186,187,1566171857302,-1.0582,-0.44959998,3.011,8.486861,-2.6383815,2.3861093999999996,-1
187,188,1566171857312,-0.7924,-0.6507,3.014,8.849380499999999,-2.9346592,2.4137383,-1
188,189,1566171857323,-0.7924,-0.6507,3.014,8.953892999999999,-3.002511,2.4627428,-1
189,190,1566171857333,-0.1627,-0.7819,3.3523998,9.436047,-3.1198459,2.7866687999999997,-1
190,191,1566171857343,0.0731,-0.76309997,3.3374,9.585904,-3.1329277,2.7442338,-1
191,192,1566171857354,0.1907,-0.7212,2.8623998,9.674317,-3.1442189999999997,2.0230527,-1
192,193,1566171857364,0.19,-0.81259996,1.9567,9.657682000000001,-3.285611,0.9417735999999999,-1
193,194,1566171857374,0.2287,-0.84849995,1.1507,9.754025,-3.3047261,0.31604418,-1
194,195,1566171857384,0.5234,-0.7484,0.6522,9.990917999999999,-3.2197225,-0.13319422,-1
195,196,1566171857394,0.9666,-0.55979997,0.39859998,10.508506,-3.0002793999999997,-0.52076757,-1
196,197,1566171857405,1.3318,-0.3229,0.0079,10.903616,-2.785261,-1.1158226,-1
197,198,1566171857415,1.5881,-0.1774,-0.4084,11.048005999999999,-2.7078135,-1.4838783000000002,-1
198,199,1566171857425,1.6568999,-0.0659,-0.87899995,11.119199,-2.5785169999999997,-2.2005107,-1
199,200,1566171857435,1.6845,0.0791,-1.4448999,11.089215,-2.4468262000000003,-2.6255197999999997,-1
200,201,1566171857446,1.5925,0.2882,-1.8022,10.996569000000001,-2.2729017999999996,-2.9484212000000003,-1
201,202,1566171857456,1.4099,0.40399998,-2.2186,10.779452000000001,-2.1303606,-3.5168428,-1
202,203,1566171857466,1.1465,0.49589998,-2.8518,10.432226,-2.0238092,-4.318958,-1
203,204,1566171857476,0.79249996,0.546,-3.5361998,10.117217,-2.0149603,-4.838768,-1
204,205,1566171857487,0.3683,0.5351,-3.8474,9.6330805,-2.0228610000000002,-5.041853400000001,-1
205,206,1566171857497,-0.018000000000000002,0.5214,-3.6041,9.322944999999999,-1.9711751,-4.721385,-1
206,207,1566171857507,-0.39429998,0.618,-3.0109,8.868238,-1.8967537,-3.9419382000000005,-1
207,208,1566171857517,-0.7319,0.5883,-2.3562,8.49886,-1.9084756,-3.201833,-1
208,209,1566171857527,-1.0502,0.57199997,-1.8090998999999999,8.257755,-1.9266619999999999,-2.8030453,-1
209,210,1566171857537,-1.2996,0.5316,-1.6063,7.990954400000001,-1.9181960999999998,-2.7601316000000002,-1
210,211,1566171857548,-1.4995999,0.5553,-1.6774,7.8899,-1.9659557,-2.808159,-1
211,212,1566171857558,-1.6006999,0.4958,-1.7752,7.823945,-2.0602009999999997,-2.669937,-1
212,213,1566171857568,-1.5733999,0.3724,-1.5641999,7.867787,-2.2416146,-2.2005203,-1
213,214,1566171857578,-1.5645,0.28309998,-1.112,7.896537299999999,-2.366266,-1.6186718999999998,-1
214,215,1566171857588,-1.5739,0.13859999,-0.42569998,7.881118300000001,-2.539386,-0.6836211999999999,-1
215,216,1566171857599,-1.5519999,-0.0009999999,0.3409,7.914081599999999,-2.6178298,0.047903188,-1
216,217,1566171857608,-1.4497,-0.0177,1.1280999,8.0453415,-2.6967235,0.6515102,-1
217,218,1566171857618,-1.287,-0.1475,1.7070999,8.209584,-2.8484104,1.2777758999999997,-1
218,219,1566171857628,-1.1132,-0.2259,2.0619,8.387732000000002,-2.9809728,1.5330264999999998,-1
219,220,1566171857638,-0.8601,-0.32369998,2.323,8.698595,-3.1297580000000003,1.8235773000000002,-1
220,221,1566171857648,-0.6064,-0.3335,2.3829,8.970816000000001,-3.0816152000000003,1.9681487000000002,-1
221,222,1566171857659,-0.3918,-0.2861,2.5349,8.992009,-3.1752667000000003,2.2276227000000004,-1
222,223,1566171857669,-0.40309998,-0.4086,2.7984998,8.851249000000001,-3.4457923999999998,2.7274652,-1
223,224,1566171857679,-0.562,-0.6225,3.2024999,8.736892999999998,-3.5715741999999997,3.0543597,-1
224,225,1566171857689,-0.6719,-0.7102,3.6090998999999995,8.7607765,-3.679189,3.5838324999999998,-1
225,226,1566171857699,-0.56549996,-0.7481,3.9706998,8.95012,-3.6948662000000003,3.7790364999999997,-1
226,227,1566171857710,-0.3114,-0.67789996,4.086,9.238832,-3.5601587,3.6489837,-1
227,228,1566171857720,-0.057,-0.5502,3.8918998,9.320714,-3.5112212,3.3498905,-1
228,229,1566171857730,0.020299999,-0.48459998,3.4587998,9.420494,-3.5806245999999997,2.654011,-1
229,230,1566171857741,0.0968,-0.5611,2.9118,9.545711,-3.751235,1.8823023,-1
230,231,1566171857751,0.2215,-0.68119997,2.2607,9.7920265,-3.7543669,1.3949958999999998,-1
231,232,1566171857761,0.5327,-0.6365,1.6525999,10.167667,-3.6204447999999996,0.47023082,-1
232,233,1566171857771,1.0889,-0.4475,0.45549998,10.727192,-3.3397486000000005,-1.0133603,-1
233,234,1566171857781,1.5382999,0.0488,-1.1182,10.839663,-3.041115,-1.7767276,-1
234,235,1566171857791,1.5382999,0.0488,-1.1182,10.6860695,-2.9396009999999997,-2.1474265999999997,-1
235,236,1566171857802,1.0451,0.2473,-1.9785999,10.349406,-2.7902315,-2.7913327000000003,-1
236,237,1566171857812,1.0451,0.2473,-1.9785999,10.111383,-2.6239014,-2.9513037,-1
237,238,1566171857822,0.41059998,0.6389,-2.1209,9.717749000000001,-2.3426979,-3.0705732999999995,-1
238,239,1566171857832,0.41059998,0.6389,-2.1209,9.461962,-2.303672,-3.082506,-1
239,240,1566171857842,0.094299994,0.6579,-2.0827,9.292922,-2.3214946,-3.0040145000000003,-1
240,241,1566171857852,-0.042799998,0.61149997,-1.7563,9.281478,-2.3585757999999997,-2.7136936,-1
241,242,1566171857863,0.058799997,0.5667,-1.5288,9.364039,-2.396615,-2.5355744,-1
242,243,1566171857873,0.1325,0.5093,-1.5052999,9.437464,-2.5087306000000003,-2.4947007,-1
243,244,1566171857883,0.1087,0.41579998,-1.4772999,9.406827999999999,-2.5961957,-2.4353917000000003,-1
244,245,1566171857893,0.0257,0.332,-1.3844,9.291830000000001,-2.7436116000000004,-2.2730742000000004,-1
245,246,1566171857903,-0.0677,0.19699999999999998,-1.2547,9.221009,-2.8644996,-2.1715026,-1
246,247,1566171857914,-0.084,0.1078,-1.0679,9.206892999999999,-2.9615989,-1.9030935000000002,-1
247,248,1566171857924,0.046099997999999996,0.133,-0.8393,9.3211155,-2.964874,-1.6983126,-1
248,249,1566171857934,0.1557,0.1635,-0.60499996,9.4576235,-2.971434,-1.3177016000000001,-1
249,250,1566171857944,0.0092,0.0809,-0.1889,9.208617,-3.0863175,-0.74972993,-1
250,251,1566171857954,-0.22659999,-0.0949,0.34149998,8.950685,-3.2567272000000003,-0.37230796,-1
251,252,1566171857964,-0.5022,-0.2934,0.6732,8.647224000000001,-3.5192275,-0.049349286,-1
252,253,1566171857974,-0.6788,-0.5203,0.74549997,8.615439,-3.6747453,-0.06707596,-1
253,254,1566171857985,-0.57949996,-0.7143,0.8499,8.804236,-3.8532474000000003,0.106187634,-1
254,255,1566171857995,-0.25329998,-0.8156,1.031,9.106433,-3.9497814,0.25351724,-1
255,256,1566171858005,0.1617,-0.963,1.109,9.594945,-4.1092544,0.24564509,-1
256,257,1566171858015,0.5764,-1.0013,0.78709996,9.9388485,-4.1525226,-0.18888336,-1
257,258,1566171858025,1.0582,-0.9244,-0.1329,10.488021,-3.9847655,-1.2831868,-1
258,259,1566171858035,1.4588,-0.7658,-0.9327,10.794058,-3.8798133999999997,-1.8297447,d
259,260,1566171858046,1.6790999,-0.7069,-1.6324999,10.982394000000001,-3.836689,-2.5404873,-1
260,261,1566171858056,1.7579,-0.6823,-2.0609,11.062437,-3.7692394,-2.826566,-1
261,262,1566171858066,1.8226,-0.585,-1.9106,11.141954,-3.5928923999999998,-2.3681145,-1
262,263,1566171858076,1.8347,-0.42409998,-1.0493,11.123384,-3.3994887,-1.6073809,-1
263,264,1566171858086,1.6185,-0.2462,-0.2859,10.797447,-3.119913,-0.9014457,-1
264,265,1566171858097,1.2529,-0.1261,0.0736,10.397041,-2.8539171000000003,-0.5411758000000001,-1
265,266,1566171858107,0.8569,0.048499997999999996,0.3091,10.094653,-2.5834107000000004,-0.35112405,-1
266,267,1566171858118,0.5099,0.33069998,0.5467,9.730236999999999,-2.2050405,-0.3560465,-1
267,268,1566171858128,0.1928,0.58709997,0.2986,9.46063,-1.7685490000000001,-0.75962275,-1
268,269,1566171858138,-0.024899999,0.8397,-0.0712,9.336352,-1.5173969999999999,-1.0480475,-1
269,270,1566171858148,-0.1524,1.1298,-0.51989996,9.251636,-1.0876284,-1.7023922999999999,-1
270,271,1566171858158,-0.258,1.4369999,-1.1295998999999999,9.1304035,-0.8136743000000001,-1.8795058,-1
271,272,1566171858168,-0.4301,1.6417999,-1.2835,8.870086,-0.59394395,-1.7585987,-1
272,273,1566171858179,-0.71779996,1.7623,-1.0431,8.539887,-0.586091,-1.3316166,-1
273,274,1566171858189,-1.2091,1.6425999,-0.5349,8.03134,-0.94911903,-0.71539706,-1
274,275,1566171858199,-1.5705999,1.2350999,-0.0174,7.867797,-1.2219048000000001,-0.24766581,-1
275,276,1566171858209,-1.7039,0.90529996,0.60539997,7.9000897,-1.479406,0.5131445,-1
276,277,1566171858220,-1.5795,0.7229,1.1935999,8.032891000000001,-1.5793208,0.76301295,-1
277,278,1566171858230,-1.4139999,0.5886,1.3366,8.150514,-1.8275803,0.46049118,-1
278,279,1566171858240,-1.3751,0.3624,0.93119997,8.190296,-2.096995,-0.11523772,-1
279,280,1566171858250,-1.3551999,0.1414,0.47829998,8.088082,-2.3515275,-0.402427,-1
280,281,1566171858260,-1.4618,-0.16409999,0.1231,7.9846244,-2.6802895,-0.6300485,-1
281,282,1566171858271,-1.5575999,-0.4267,-0.052199997000000005,8.064457,-2.9497332999999997,-0.44065762,-1
282,283,1566171858281,-1.4363999,-0.7446,0.19119999,8.411653999999999,-3.1769907,0.13624924,-1
283,284,1566171858291,-1.1177,-0.8921,0.69619995,8.806295,-3.1390952999999997,0.44127053,-1
284,285,1566171858301,-0.0883,-0.7083,1.2074,9.436583,-3.035187,0.63490397,-1
285,286,1566171858312,0.2373,-0.43539998,0.97419995,9.745004,-2.8006797000000003,0.4859655,-1
286,287,1566171858322,0.2373,-0.43539998,0.97419995,9.765460000000001,-2.6158376,0.07208463,-1
287,288,1566171858332,0.1876,-0.20279999,0.4633,9.445279,-2.4598699,-0.59686494,-1
288,289,1566171858345,-0.527,-0.070199996,-0.3362,9.006096000000001,-2.356153,-0.92857677,-1
289,290,1566171858355,-0.7382,0.0744,-0.36589998,8.765699,-2.1767795,-0.957786,-1
290,291,1566171858365,-0.7033,0.2122,-0.23539999,8.885083999999999,-1.9659746999999999,-0.7368491,-1
291,292,1566171858375,-0.57879996,0.35439998,0.0176,9.00102,-1.8663758999999998,-0.48644432,-1
292,293,1566171858386,-0.41369998,0.2262,0.325,9.180538,-2.0439012,-0.22630952,-1
293,294,1566171858396,-0.2375,0.0923,0.529,9.386247000000001,-2.1882523999999997,0.046284705,-1
294,295,1566171858406,-0.080299996,0.0098,0.7254,9.495825,-2.246738,0.16469236,-1
295,296,1566171858416,0.0083,-0.12109999,0.8612,9.596842,-2.397094,0.16847520000000002,d
296,297,1566171858426,0.0475,-0.2128,0.7438,9.578406,-2.4335720000000003,0.015753846999999998,-1
297,298,1566171858437,-0.0018999999,-0.25419998,0.5974,9.593778,-2.4806612,-0.23238121,-1
298,299,1566171858447,0.0758,-0.25509998,0.249,9.666847,-2.4082987,-0.57797945,-1
299,300,1566171858457,0.2224,-0.1378,-0.1794,9.804236,-2.3113527,-1.0567049,-1
300,301,1566171858467,0.2511,-0.0614,-0.44799998,9.792534,-2.2436732999999998,-1.1138401000000002,-1
301,302,1566171858477,0.2305,-0.0673,-0.4427,9.794133,-2.2854762,-1.03396,-1
302,303,1566171858488,0.2584,-0.058199997999999996,-0.2624,9.8105955,-2.2355812000000004,-0.8516845999999999,-1
303,304,1566171858498,0.2662,0.0252,-0.1065,9.828974,-2.151018,-0.7416949,-1
304,305,1566171858508,0.24409999,0.046099997999999996,-0.0263,9.787075,-2.140761,-0.78937787,-1
305,306,1566171858518,0.1722,0.033999998,-0.11229999,9.632486,-2.0903296,-0.8730886999999998,-1
306,307,1566171858529,-0.0178,0.049799997,-0.1326,9.367544,-1.9705523999999999,-0.98399776,-1
307,308,1566171858539,-0.1982,0.1533,-0.2634,9.235833999999999,-1.9238751,-1.1901097,-1
308,309,1566171858549,-0.3989,0.1651,-0.5306,9.065481,-1.8237782999999999,-1.6096218999999998,-1
309,310,1566171858559,-0.51919997,0.2367,-0.8523,9.022022,-1.7094313,-1.8484673999999999,-1
310,311,1566171858570,-0.5509,0.38549998,-1.1192,9.039107000000001,-1.4641309999999998,-2.1379552000000004,-1
311,312,1566171858580,-0.54249996,0.5668,-1.3246,9.029751,-1.3741952,-2.2392776000000003,-1
312,313,1566171858590,-0.53389996,0.66099995,-1.4539,9.0490675,-1.2754871,-2.3906294999999997,-1
313,314,1566171858600,-0.5061,0.7352,-1.5468,9.114324,-1.1156788,-2.4798183,-1
314,315,1566171858611,-0.46879998,0.8484,-1.5847,9.113825,-1.0391315,-2.5290142999999996,-1
315,316,1566171858620,-0.4712,0.9309999999999999,-1.7047,9.0318575,-0.9858269000000001,-2.72939,-1
316,317,1566171858630,-0.6508,0.9241,-1.9655,8.707415,-1.051294,-3.0164928,-1
317,318,1566171858640,-0.9384,0.8483,-2.1499999,8.508543,-1.0917273,-2.9819496,-1
318,319,1566171858650,-1.1473,0.8232,-1.9731,8.361625,-1.0397061,-2.5791588,-1
319,320,1566171858661,-1.2379,0.872,-1.5843999,8.324161,-1.0655729999999999,-2.0608425,-1
320,321,1566171858671,-1.2689999,0.8196,-1.1733999,8.290833000000001,-1.2744621999999999,-1.6613939999999998,-1
321,322,1566171858681,-1.3090000000000002,0.5787,-0.74009997,8.338364,-1.6227708,-1.0250822,-1
322,323,1566171858691,-1.2593,0.2789,-0.1854,8.435568,-1.8345523000000001,-0.52735645,-1
323,324,1566171858701,-0.86149997,-0.22569999,0.82919997,8.733157,-2.1849484,0.069949,-1
324,325,1566171858712,-0.5044,-0.3163,1.176,9.02161,-2.3027816000000003,0.41867882,-1
325,326,1566171858722,-0.22559999,-0.48299998,1.6301,9.348773,-2.521267,0.9762693000000001,-1
326,327,1566171858732,-0.1628,-0.7389,2.1845,9.420532000000001,-2.8963711,1.7453156000000003,-1
327,328,1566171858742,-0.1687,-1.0365,2.7763,9.409414,-3.144918,2.2471883,-1
328,329,1566171858752,-0.1687,-1.0365,2.7763,9.431047,-3.4030702000000006,2.7344944,-1
329,330,1566171858762,0.055,-1.4753,3.5777,9.622949,-3.64002,3.1544182000000003,-1
330,331,1566171858772,0.22559999,-1.4909999,3.6409998,9.8338,-3.670522,3.22634,-1
331,332,1566171858783,0.37559998,-1.4750999,3.4176998,9.932345,-3.6778769999999996,3.0525882,-1
332,333,1566171858793,0.49469998,-1.2925999,3.0941,10.052458,-3.4770703000000003,2.6992996,-1
333,334,1566171858803,0.5432,-1.1107,2.9596,10.096339,-3.3268008,2.584445,-1
334,335,1566171858813,0.59959996,-0.8605,2.875,10.15108,-3.0258207,2.4604063,-1
335,336,1566171858823,0.537,-0.7075,2.7612997999999997,10.095428,-2.8828678,2.324109,-1
336,337,1566171858834,0.3066,-0.5711,2.3997998,9.813737,-2.6822817000000003,1.8209148999999998,-1
337,338,1566171858844,0.075899996,-0.4684,1.9281,9.646861,-2.5774633999999996,1.4008952,-1
338,339,1566171858854,-0.17369999,-0.3272,1.5116,9.380933,-2.3552241,0.81708354,-1
339,340,1566171858864,-0.24579999,-0.0659,0.8699,9.329887,-2.114195,0.23109794,-1
340,341,1566171858874,-0.2582,0.2087,0.088199995,9.354117,-1.7418296000000002,-0.7400573,-1
341,342,1566171858885,-0.2306,0.46629998,-0.598,9.353639,-1.4049463,-1.7650150000000002,-1
342,343,1566171858895,-0.2223,0.7653,-1.6614,9.321077,-1.1296513000000001,-2.6422122000000003,-1
343,344,1566171858905,-0.3513,1.1036999,-2.6016998,9.174582000000001,-0.6969234000000001,-3.723922,-1
344,345,1566171858915,-0.6278,1.3615999,-2.975,8.897389,-0.5016236,-3.8363059,-1
345,346,1566171858925,-1.0318999,1.4111999,-2.6708998999999998,8.342797000000001,-0.47655147,-3.4184794000000003,-1
346,347,1566171858935,-1.5827,1.2753,-2.1904,7.653832,-0.79157096,-2.8116738999999997,-1
347,348,1566171858946,-2.1422,0.8699,-1.5935999,7.205809599999999,-1.0853491000000002,-2.3216097,-1
348,349,1566171858956,-2.6901,0.49339998,-0.95849997,6.606167299999999,-1.5230569999999999,-1.5567674999999999,-1
349,350,1566171858966,-3.1283998,0.188,-0.21239999,6.3437634,-1.7578898999999997,-0.9766811,-1
350,351,1566171858976,-3.3983998,-0.0638,0.46379998,6.0671654,-2.0638018,-0.22826318,-1
351,352,1566171858986,-3.6179997999999998,-0.29099998,1.0777,5.8631797,-2.228925,0.30146828,-1
352,353,1566171858996,-3.7477,-0.4258,1.4949,5.8434515,-2.3651936,0.38748717,-1
353,354,1566171859007,-3.6794,-0.38169998,1.0414,5.9576936,-2.3556743,-0.39670008,-1
354,355,1566171859017,-3.3148,-0.3373,-0.0822,6.681019999999999,-2.330765,-1.8315834999999998,-1
355,356,1566171859027,-2.4473999,-0.19669999,-1.3184999,7.5194116,-2.244631,-2.7229927000000003,-1
356,357,1566171859037,-1.1744,-0.0014,-2.1674,9.153914,-2.1041967999999995,-3.4491062000000006,-1
357,358,1566171859047,0.3371,0.2348,-2.4572,10.401026,-1.9243443,-3.5202714999999998,-1
358,359,1566171859058,1.7421999,0.5625,-2.3456,11.837211,-1.6636828000000001,-3.3117940000000003,-1
359,360,1566171859068,2.783,0.7011,-2.0400999,12.501458,-1.6960716,-3.0676522,-1
360,361,1566171859078,3.3493998,0.6756,-1.617,12.828908,-1.7948276,-2.6219189999999997,-1
361,362,1566171859088,3.342,0.62329996,-1.2421,12.447167,-1.9908075,-2.3385317000000003,-1
362,363,1566171859098,2.8975,0.4096,-1.0293,11.841444000000001,-2.28991,-2.354458,-1
363,364,1566171859108,2.1634998,0.058799997,-1.1797,11.016402000000001,-2.5537417000000002,-2.5335824000000002,-1
364,365,1566171859119,1.4951999,-0.099199995,-1.3055999,10.578712,-2.5839374,-2.831316,-1
365,366,1566171859129,0.983,-0.1077,-1.6974,10.067722999999999,-2.5499206,-3.3387239999999996,-1
366,367,1566171859139,0.57879996,-0.0911,-2.1390000000000002,9.802762,-2.5955732000000005,-3.5323860000000002,-1
367,368,1566171859150,0.3029,-0.1083,-2.4098,9.616886000000001,-2.634752,-3.8218644,-1
368,369,1566171859160,0.1459,-0.1406,-2.7301998,9.46857,-2.7021153,-4.0175567,-1
369,370,1566171859170,-0.0199,-0.1801,-2.8831,9.269229,-2.7928076,-3.555849,-1
370,371,1566171859180,-0.1559,-0.27809998,-2.2997,9.182453,-2.8407874,-2.8200536,-1
371,372,1566171859192,-0.2922,-0.3575,-1.3543,9.029857000000002,-3.0210326000000003,-1.5073032,-1
372,373,1566171859200,-0.4193,-0.45749998,-0.28689998,8.920632000000001,-3.0272574,-0.54444146,-1
373,374,1566171859210,-0.547,-0.4209,0.8824,8.740761000000001,-3.0000017000000003,0.38820544,-1
374,375,1566171859220,-0.73429996,-0.36519998,1.4058,8.573607,-2.9924839,0.666766,-1
375,376,1566171859231,-0.9517,-0.3394,1.6048,8.286800999999999,-2.9550674,0.7569604,-1
376,377,1566171859241,-1.1989,-0.2938,1.4696,8.176553,-2.9146054,0.5704712,-1
377,378,1566171859251,-1.2492,-0.31129998,1.1072999,8.301052,-2.963016,0.41410112,-1
378,379,1566171859261,-1.0817,-0.2841,1.0066,8.720976,-2.8405383,0.7929596,-1
379,380,1566171859271,-0.7057,-0.1401,1.3208,9.043828999999999,-2.741945,1.2200756000000001,-1
380,381,1566171859282,-0.1449,-0.090399995,2.5649,9.269142,-2.8490424,2.1525787999999997,-1
381,382,1566171859291,-0.1449,-0.090399995,2.5649,9.356933,-2.97379,2.834955,-1
382,383,1566171859301,-0.0211,-0.22019999,3.3673,9.402778,-3.0894015,3.5315049,-1
383,384,1566171859311,0.0042,-0.27539998,3.8772,9.362525,-3.1506736,3.5618634,-1
384,385,1566171859322,-0.049399998,-0.33429998,3.8974,9.305218,-3.1812812999999998,3.3678660000000002,-1
385,386,1566171859332,-0.084,-0.33789998,3.6843,9.211231,-3.109618,3.2838202000000005,-1
386,387,1566171859343,-0.27249998,-0.2271,3.6083998999999998,9.109459,-3.1004145,3.2573116,-1
387,388,1566171859353,-0.3276,-0.2861,3.5214,9.082414,-3.1756213,3.0884435000000003,-1
388,389,1566171859363,-0.12719999,-0.2171,3.2261999,9.250573,-3.1112652,2.8300996,-1
389,390,1566171859373,0.0643,-0.1664,2.9210000000000003,9.487138999999999,-3.062864,2.3981092,-1
390,391,1566171859384,0.23689999,-0.0964,2.5286999,9.645357,-2.9867377,1.7082055,-1
391,392,1566171859394,0.3509,-0.0572,1.7606,9.745042999999999,-2.9697006,0.9839306999999999,-1
392,393,1566171859404,0.5337,-0.00049999997,0.4693,9.955033,-2.8527966,-0.8995781999999999,-1
393,394,1566171859414,0.6477,0.2109,-1.2504,10.000514,-2.6782209999999997,-2.2106334999999997,-1
394,395,1566171859424,0.6331,0.34939998,-2.5324,9.975729,-2.5860922000000004,-3.2797690000000004,-1
395,396,1566171859435,0.5967,0.2755,-3.2914999,9.947171,-2.6654649,-4.120737,-1
396,397,1566171859445,0.5783,0.39209998,-3.0333,9.914216999999999,-2.5048234000000003,-3.6771488,-1
397,398,1566171859455,0.5198,0.3581,-2.2551,9.84873,-2.5588462000000005,-3.0019362000000003,-1
398,399,1566171859465,0.38189998,0.2031,-1.4117,9.631309,-2.7359693,-2.0550392,-1
399,400,1566171859475,0.1353,0.175,-0.64489996,9.411769999999999,-2.6733942,-1.52661,-1
400,401,1566171859486,-0.19039999,0.119799994,-0.2864,9.029368,-2.7698998,-1.2980307,-1
401,402,1566171859496,-0.4878,0.0004,-0.3716,8.780610000000001,-2.8607167999999996,-1.4306792,-1
402,403,1566171859506,-0.6872,-0.0245,-0.7007,8.642799,-2.8157058,-1.9067805,-1
403,404,1566171859516,-0.6501,0.056399997,-1.3949,8.840322,-2.6932566000000002,-2.7791702999999996,-1
404,405,1566171859526,-0.41579998,0.2022,-1.9894999,9.050849000000001,-2.5927192999999997,-2.980848,-1
405,406,1566171859536,-0.1215,0.33089998,-2.0038,9.275617,-2.511661,-2.8628235,-1
406,407,1566171859547,0.045399997000000004,0.40989998,-1.7396,9.434525,-2.475844,-2.506557,-1
407,408,1566171859557,0.1239,0.4174,-1.4794999,9.445499,-2.432892,-1.9783766999999999,-1
408,409,1566171859567,0.055099998,0.461,-0.9765,9.3063965,-2.4592283,-1.6189784,-1
409,410,1566171859577,-0.1413,0.3446,-0.4455,9.09132,-2.551319,-1.09438,-1
410,411,1566171859587,-0.2889,0.3051,-0.2056,9.045169999999999,-2.5483212,-0.9734345,-1
411,412,1566171859597,-0.35799998,0.3358,-0.0686,8.944699,-2.6055713,-0.66083795,-1
412,413,1566171859608,-0.3778,0.22929999,0.24839999,8.930545,-2.6816014999999997,-0.42845675,-1
413,414,1566171859618,-0.45589998,0.1244,0.43719998,8.888962,-2.7921082999999998,-0.39234263,-1
414,415,1566171859628,-0.445,0.081,0.35200000000000004,8.884327,-2.8362765,-0.5549951,-1
415,416,1566171859638,-0.3937,0.0596,0.015,9.023985,-2.8286439999999997,-0.9561963,-1
416,417,1566171859648,-0.3023,0.049999997000000004,-0.2685,9.046693,-2.8735687999999997,-1.1016488000000002,-1
417,418,1566171859658,-0.3083,0.061199997,-0.3134,9.0144,-2.8981907000000002,-1.0461704,-1
418,419,1566171859668,-0.3141,0.0235,-0.2008,9.0472,-3.0279088,-0.93334603,-1
419,420,1566171859678,-0.27109998,-0.1122,-0.0993,9.100236,-3.1681513999999997,-0.83402497,-1
420,421,1566171859688,-0.1884,-0.2861,0.0019999999,9.310916,-3.3278542,-0.5764471,-1
421,422,1566171859698,0.032199997,-0.3694,0.3294,9.536728,-3.3675022000000006,-0.29852822,-1
422,423,1566171859708,0.33159998,-0.40309998,0.5083,9.894105999999999,-3.5545468000000002,-0.29525295,-1
423,424,1566171859718,0.6597,-0.60389996,0.51489997,10.149078,-3.6564726999999997,-0.26764299999999996,-1
424,425,1566171859728,0.9087,-0.67899996,0.5786,10.265303,-3.7301662,-0.18714996,-1
425,426,1566171859738,1.0485,-0.79679996,0.6009,10.415303999999999,-3.9929826,-0.40306863,-1
426,427,1566171859748,1.1666,-1.0957999,0.214,10.578531,-4.289231299999999,-0.8389187,-1
427,428,1566171859758,1.5077,-1.4011999,-0.33609998,11.222897999999999,-4.433237999999999,-1.3116012,-1
428,429,1566171859768,2.2184,-1.4016,-0.6936,11.879109,-4.3526487000000005,-1.4699824,d
429,430,1566171859779,2.9736,-1.2296,-0.7481,12.672194000000001,-4.0810122,-1.3602226999999998,-1
430,431,1566171859788,3.4180998999999996,-1.0195,-0.5907,12.781263000000001,-3.8574612,-1.1918144,-1
431,432,1566171859798,3.237,-0.8246,-0.4588,12.161222,-3.558004,-1.1881083000000001,-1
432,433,1566171859808,2.4412,-0.703,-0.6532,11.491076,-3.3636712999999996,-1.4009241000000001,-1
433,434,1566171859818,1.6123999,-0.47059998,-1.0048,10.715738,-2.8137232999999995,-1.5848466,-1
434,435,1566171859828,1.068,-0.028999999999999998,-1.0107,10.275789,-2.1798439999999997,-1.400876,-1
435,436,1566171859839,0.7219,0.40309998,-0.8527,10.095744999999999,-1.7611748,-1.2731788999999998,-1
436,437,1566171859849,0.45709997,0.8102,-0.70019996,9.755645,-1.1094252,-1.0883083,-1
437,438,1566171859859,0.1268,1.3026,-0.5848,9.480445,-0.5632982,-1.0080259,-1
438,439,1566171859869,-0.2782,1.7952,-0.57559997,8.876264,0.029506141,-1.1294503,-1
439,440,1566171859879,-0.8267,2.1141,-0.7236,8.416528999999999,0.23609701,-1.0845829,-1
440,441,1566171859890,-1.4402,2.3483,-0.6533,7.674374,0.5855164,-0.9109267,-1
441,442,1566171859900,-2.0205998,2.5298998,-0.524,7.1384463,0.67240673,-0.8041166000000001,-1
442,443,1566171859910,-2.4891999,2.5435998,-0.4342,6.787428,0.47052768,-0.47712609999999994,-1
443,444,1566171859920,-2.9635,2.2240999,-0.0191,6.401894,-0.100096785,0.04336378,-1
444,445,1566171859931,-3.2963998,1.4843998999999999,0.564,6.3957267,-1.0726215000000001,0.5892225999999999,-1
445,446,1566171859941,-3.1743999,0.6653,0.99179995,6.697319500000001,-1.6174843,0.88353705,-1
446,447,1566171859951,-2.6945,0.1248,1.2543,7.5019149999999994,-2.1642911,0.96519846,-1
447,448,1566171859962,-1.9707999,-0.2183,1.2487,8.275616000000001,-2.4259392999999996,0.78059596,-1
448,449,1566171859972,-1.3233,-0.39479998,1.0675,8.640176,-2.5419142000000003,0.5462323,-1
449,450,1566171859982,-0.65099996,-0.4222,0.32189998,8.933514,-2.5374613,0.046706084,-1
450,451,1566171859992,-0.5693,-0.37829998,-0.1963,8.950282000000001,-2.51757,-0.60746646,-1
451,452,1566171860003,-0.82379997,-0.4552,-0.4468,8.754589999999999,-2.5851152,-0.7484083,-1
452,453,1566171860013,-1.1388999,-0.6586,-0.11229999,8.379515,-2.8233097000000003,-0.30364224,-1
453,454,1566171860023,-1.3564999,-0.7673,0.36429998,8.229188,-2.880378,0.05594770599999999,-1
454,455,1566171860034,-1.3283,-0.6975,0.81299996,8.264708,-2.7597964,0.5499673,-1
455,456,1566171860044,-1.2405,-0.5453,1.3004,8.412296000000001,-2.5415602,1.0914781999999998,-1
456,457,1566171860054,-1.0536,-0.3588,1.4309,8.560066,-2.4225585,1.0181295,-1
457,458,1566171860064,-0.8365,-0.2163,0.95559996,8.750808000000001,-2.3144077999999997,0.5887342,-1
458,459,1566171860074,-0.56979996,-0.0897,0.4262,9.075451,-2.1913362000000003,-0.02038902,-1
459,460,1566171860084,-0.3128,-0.0117,0.0937,9.40883,-2.0710325000000003,-0.39594352,-1
460,461,1566171860095,0.0321,0.1231,-0.20879999,9.650519000000001,-1.9860286,-0.63639796,-1
461,462,1566171860105,0.2584,0.22479999,-0.48299998,9.925192,-1.8533515999999999,-0.9042421,-1
462,463,1566171860115,0.36609998,0.292,-0.53,9.948625999999999,-1.8621526000000002,-0.90779513,-1
463,464,1566171860125,0.2277,0.1778,-0.3369,9.801967,-1.934879,-0.7292930000000001,-1
464,465,1566171860136,0.0005999999700000001,0.011399999,0.0004,9.521289999999999,-2.1203146,-0.32956666,d
465,466,1566171860146,-0.2066,-0.1358,0.2934,9.322925999999999,-2.3410506,-0.14371915,-1
466,467,1566171860156,-0.2565,-0.2905,0.36969998,9.330022999999999,-2.4055214,-0.040672697,-1
467,468,1566171860166,-0.1783,-0.3831,0.5617,9.488969,-2.5371547000000003,0.25413972,-1
468,469,1566171860176,0.047599997000000005,-0.4924,0.87229997,9.739977,-2.5890515,0.55655617,-1
469,470,1566171860186,0.2348,-0.5312,0.99499995,9.89218,-2.6490788,0.47868710000000003,-1
470,471,1566171860197,0.41189998,-0.5796,0.9352,10.107113,-2.6029856,0.29723534,-1
471,472,1566171860207,0.54899997,-0.48299998,0.6532,10.152104,-2.5297517999999997,-0.009366117,-1
472,473,1566171860217,0.6162,-0.4006,0.1898,10.223528,-2.4047842,-0.70963186,-1
473,474,1566171860227,0.66249996,-0.2654,-0.45139998,10.278232000000001,-2.2894409,-1.1027884,-1
474,475,1566171860237,0.6879,-0.1371,-0.6468,10.254528,-2.0440736,-1.0647781,-1
475,476,1566171860247,0.63409996,0.0721,-0.4184,10.162391,-1.8750143,-0.8055053000000001,-1
476,477,1566171860258,0.4714,0.2447,-0.062299997,9.975278,-1.6698886000000002,-0.4402937,-1
477,478,1566171860268,0.24919999,0.34239998,0.2994,9.775362,-1.5380543,-0.15671486,-1
478,479,1566171860278,0.036599997,0.50519997,0.57839996,9.507021,-1.3069851000000001,-0.01886631,-1
479,480,1566171860288,-0.2243,0.6188,0.5183,9.304250999999999,-1.2136687,-0.26169583,-1
480,481,1566171860298,-0.4743,0.68649995,0.0897,8.991377,-1.0614071000000003,-0.93720543,-1
481,482,1566171860310,-0.7324,0.73039997,-0.4333,8.696985,-0.9724959999999999,-1.4744452,-1
482,483,1566171860320,-0.9693,0.802,-0.7229,8.589802,-0.9966103999999999,-1.6608577000000002,-1
483,484,1566171860330,-1.0382,0.7453,-0.85289997,8.710364,-1.0032759,-1.8762017,-1
484,485,1566171860340,-0.8509,0.7475,-1.0514,8.92817,-0.97448796,-2.1588613999999997,-1
485,486,1566171860350,-0.58419997,0.7678,-1.3834,9.235068,-1.0335193999999999,-2.3964715,-1
486,487,1566171860361,-0.34600000000000003,0.68439996,-1.5079,9.435032000000001,-1.0877048999999999,-2.3529258,-1
487,488,1566171860371,-0.1563,0.65,-1.4420998999999999,9.430750999999999,-1.1962101,-2.4145427,-1
488,489,1566171860381,-0.2122,0.5449,-1.5335,9.321480000000001,-1.3321052,-2.5372312000000004,-1
489,490,1566171860391,-0.39679998,0.3471,-1.5903,8.984328,-1.5485026000000002,-2.6357,-1
490,491,1566171860401,-0.6512,0.1554,-1.7415999,8.852360000000001,-1.7287860000000002,-3.048192,-1
491,492,1566171860411,-0.7592,0.011399999,-2.0746999,8.814617,-1.8015316000000003,-3.1796532,-1
492,493,1566171860422,-0.779,-0.0721,-2.224,8.981339,-1.7539346999999998,-3.246959,-1
493,494,1566171860432,-0.6321,-0.025799999,-2.2705,9.046357,-1.7621419999999999,-3.1648857999999995,-1
494,495,1566171860442,-0.5349,-0.0457,-2.1896,9.051364999999999,-1.8292563000000002,-3.1185145,-1
495,496,1566171860452,-0.6374,-0.2105,-1.7681999,8.979272,-1.9268726999999999,-2.6084826,-1
496,497,1566171860462,-0.7974,-0.1787,-1.2858,8.82565,-1.9111763,-2.1744044,-1
497,498,1566171860473,-1.0461,-0.2048,-0.9097,8.563121,-1.9309715,-1.723854,-1
498,499,1566171860483,-1.1773,-0.24759999,-0.7331,8.448496,-1.9915448,-1.5140357,-1
499,500,1566171860493,-1.0731,-0.17819999,-0.23600000000000002,8.590405,-1.902787,-0.85452884,-1
500,501,1566171860504,-0.87009996,-0.1529,0.2104,8.765478,-1.918062,-0.4272022,-1
501,502,1566171860514,-0.5877,-0.0657,0.55189997,9.109995,-1.8236346,0.12642342,-1
502,503,1566171860524,-0.31379998,0.033299997000000005,0.8734,9.322677,-1.7720252,0.44349235,-1
503,504,1566171860534,-0.2155,0.0831,1.2373999,9.41537,-1.7644501,0.9971370999999999,-1
504,505,1566171860545,-0.23429999,0.0422,1.7166,9.406914,-1.8085798999999998,1.4485493999999999,-1
505,506,1566171860555,-0.3312,0.0378,2.1169999,9.308369,-1.8346863000000002,1.9645861,-1
506,507,1566171860565,-0.33949998,0.0616,2.2105,9.251656,-1.8561096000000001,2.1484704,-1
507,508,1566171860575,-0.3572,-0.0234,2.2247,9.309776,-1.9240667,2.1778426,-1
508,509,1566171860585,-0.2473,-0.10969999400000001,2.2326,9.45883,-2.0613599999999996,2.2091873,-1
509,510,1566171860596,-0.0591,-0.1683,2.2773,9.585560000000001,-2.088539,2.2695885,-1
510,511,1566171860606,-0.047799997000000004,-0.1608,2.32,9.527698,-2.1106327,2.4027537999999997,-1
511,512,1566171860616,-0.204,-0.2359,2.5527,9.369096,-2.1717708,2.5973162999999997,-1
512,513,1566171860626,-0.53749996,-0.24599999,2.6243,8.943972,-2.1828032000000004,2.5243889999999998,-1
513,514,1566171860636,-0.92999995,-0.2669,2.5017998,8.641,-2.203403,2.4514612999999996,-1
514,515,1566171860646,-1.1353999,-0.19659999,2.3982,8.408839,-2.1121453999999997,2.210825,-1
515,516,1566171860656,-1.2616,-0.15179999,2.0948,8.369525,-2.0778031,1.9683785,-1
516,517,1566171860666,-1.2093999,-0.107999995,1.8763,8.437396000000001,-1.9970131999999998,1.6617196,-1
517,518,1566171860676,-1.1458,-0.047,1.5493,8.492482,-2.0597796,1.1687152,-1
518,519,1566171860686,-1.0712,-0.0981,1.1211,8.540127,-2.1079605,0.8322437,-1
519,520,1566171860697,-1.0547999,-0.12709999,0.78859997,8.515141499999999,-2.1687732000000004,0.3412312,-1
520,521,1566171860707,-1.1069,-0.14649999,0.3603,8.470485,-2.233072,-0.019086577,-1
521,522,1566171860717,-1.1492,-0.2258,0.0241,8.400602000000001,-2.328122,-0.38129097,-1
522,523,1566171860727,-1.1917,-0.20969999,-0.1505,8.34476,-2.3054056,-0.41170690000000004,-1
523,524,1566171860738,-1.3427,-0.129,0.0133,8.077653,-2.2466614,-0.19378668,-1
524,525,1566171860749,-1.5927,-0.0831,0.18949999,7.7954826,-2.2632197999999994,-0.21315100000000003,-1
525,526,1566171860759,-1.8235999,-0.0991,0.1104,7.7093196,-2.227393,-0.29233202,-1
526,527,1566171860769,-1.9957,0.0409,-0.1365,7.3107524,-2.075495,-0.69003767,-1
527,528,1566171860779,-2.3342,0.113199994,-0.2473,7.0154705,-2.1432319,-0.6465301999999999,-1
528,529,1566171860790,-2.6717,-0.0166,-0.053999998,6.666760000000001,-2.2909446,-0.63199264,-1
529,530,1566171860800,-2.8992999,-0.0894,-0.1458,6.655613000000001,-2.3742437,-0.8450095,-1
530,531,1566171860810,-2.8198,-0.1004,-0.3568,6.9697223,-2.4119954,-0.9679183000000001,-1
531,532,1566171860820,-2.4716,-0.076799996,-0.3529,7.424008000000001,-2.3973525,-1.0432208,-1
532,533,1566171860830,-1.8648,-0.0299,-0.39029998,8.214027,-2.4065939999999997,-0.98216856,-1
533,534,1566171860841,-1.0884,0.0561,-0.32349998,8.767911,-2.4055026,-0.98358595,-1
534,535,1566171860851,-0.3497,0.078,-0.4375,9.682295,-2.5589995,-1.3599353,-1
535,536,1566171860861,0.4289,0.07,-0.7284,10.268435,-2.5749066000000003,-1.6350387,-1
536,537,1566171860872,1.1,0.1581,-1.0466,10.957925999999999,-2.5941846,-1.9606692,-1
537,538,1566171860882,2.0478,0.0999,-1.1617,11.407941000000001,-2.7330005,-1.9607744999999999,-1
538,539,1566171860892,2.0478,0.0999,-1.1617,11.647781,-2.7862666000000003,-1.8772074,-1
539,540,1566171860902,2.4582999,-0.0426,-0.6588,11.7888,-2.9863741000000004,-1.5281328,-1
540,541,1566171860912,2.4582999,-0.0426,-0.6588,11.931714999999999,-3.0336165,-1.2848818000000002,-1
541,542,1566171860922,2.8267,-0.0654,-0.162,12.128105999999999,-3.070506,-1.0796125,-1
542,543,1566171860933,2.7749,0.0139,-0.28599998,12.026218,-3.0224786,-1.2536231000000002,-1
543,544,1566171860943,2.4944,-0.0804,-0.5072,11.783638999999999,-3.1212633,-1.4202691,-1
544,545,1566171860953,2.1039999,-0.25849998,-0.78999996,11.339896000000001,-3.350733,-1.7236528000000002,-1
545,546,1566171860963,1.7523999,-0.36049998,-0.84419996,11.046377,-3.4099752999999997,-1.7488206999999998,-1
546,547,1566171860973,1.4699,-0.42319998,-0.6681,10.687294999999999,-3.5249447999999997,-1.4569292,-1
547,548,1566171860984,1.2560999,-0.5354,-0.2549,10.467297,-3.6033502,-0.9793339,-1
548,549,1566171860994,1.1108999,-0.5107,0.1299,10.348208999999999,-3.5549586000000004,-0.7125144,-1
549,550,1566171861004,0.9546,-0.382,0.3479,10.191236,-3.398282,-0.57285583,-1
550,551,1566171861014,0.76769996,-0.2374,0.3992,10.032721,-3.2520057999999996,-0.49094543,-1
551,552,1566171861024,0.6281,-0.0482,0.4191,9.918115,-3.110796,-0.49295655,-1
552,553,1566171861034,0.3401,0.1673,0.1704,9.591345,-2.8809237000000003,-0.8110215000000001,-1
553,554,1566171861045,0.0709,0.2339,0.0761,9.35973,-2.7976534,-0.8145649,-1
554,555,1566171861055,-0.13949999,0.3487,0.1797,9.131437,-2.668357,-0.7081953000000001,-1
555,556,1566171861065,-0.3004,0.4156,0.16679999,8.957417,-2.6018939999999997,-0.6790722,-1
556,557,1566171861075,-0.39229998,0.41509998,0.1836,8.890830000000001,-2.5835352000000005,-0.70098394,-1
557,558,1566171861085,-0.4247,0.4746,0.1637,8.884997,-2.4920576,-0.7078696999999999,-1
558,559,1566171861096,-0.4272,0.46649998,0.1449,8.880238,-2.5479476,-0.7735091,-1
559,560,1566171861106,-0.3804,0.4005,0.047199998,8.943914,-2.6175327,-0.88431275,-1
560,561,1566171861116,-0.353,0.29659998,-0.0033,8.960836,-2.773606,-0.8843894,-1
561,562,1566171861126,-0.27609998,0.1548,0.0254,9.1082325,-2.8785486000000002,-0.8771684999999999,-1
562,563,1566171861136,-0.0806,0.015199998999999999,0.006,9.402547,-3.0774779999999997,-0.8721694,-1
563,564,1566171861146,0.1937,-0.18100000000000002,0.0637,9.6138115,-3.2446797000000003,-0.76528263,-1
564,565,1566171861157,0.52709997,-0.3863,0.20799999,9.949266999999999,-3.3921528,-0.6456396,-1
565,566,1566171861167,1.0066998999999999,-0.47529998,0.2209,10.525783,-3.4205387000000003,-0.6824911,-1
566,567,1566171861177,1.4355999,-0.46969998,0.1486,10.947075,-3.459832,-0.79114,-1
567,568,1566171861187,1.6947,-0.53029996,-0.0111,11.117389999999999,-3.4819067,-1.0146148000000001,d
568,569,1566171861197,1.9013,-0.5514,-0.40309998,11.379583,-3.4101093000000002,-1.4793962999999999,-1
569,570,1566171861207,2.0849,-0.4254,-0.8495,11.472794,-3.2147902999999998,-1.7100346000000002,-1
570,571,1566171861217,2.0985,-0.22209999,-1.1121,11.374852,-2.9321787,-1.8411794999999997,-1
571,572,1566171861230,1.8636999,-0.060399997999999996,-1.0704,11.124831,-2.7941387000000004,-1.6669006000000002,-1
572,573,1566171861239,1.5575,0.09999999400000001,-0.7434,10.677124000000001,-2.4816475,-1.0642132,-1
573,574,1566171861249,1.0241,0.2821,-0.1936,9.988581,-2.1264724999999998,-0.5295687,-1
574,575,1566171861259,0.3626,0.5489,0.11449999,9.470466,-1.8938806000000001,-0.45623907,-1
575,576,1566171861269,-0.2689,0.7471,-0.0069999998,8.739737,-1.4788313,-0.54045755,-1
576,577,1566171861280,-0.93789995,1.0279,-0.0346,8.247191,-1.2259749,-0.50617254,-1
577,578,1566171861290,-1.5745,1.2579,-0.08,7.5142307,-1.0011306999999998,-0.6177232,-1
578,579,1566171861300,-2.0894,1.3429999,-0.2765,7.116534700000001,-0.9413714,-0.7941566999999999,-1
579,580,1566171861310,-2.4232,1.3461,-0.4646,6.9175770000000005,-1.1370924999999998,-0.8178689,-1
580,581,1566171861321,-2.6636,1.0645,-0.46609998,7.0766954,-1.6345406999999998,-0.28963137,-1
581,582,1566171861331,-2.4772,0.6353,-0.013999999499999999,7.631642299999999,-1.7949618000000003,0.22873245,-1
582,583,1566171861341,-1.7576,0.47559997,0.5956,8.542579,-1.9190484,0.8420216,-1
583,584,1566171861351,-0.986,0.39589998,1.0812,8.999488000000001,-1.9769881999999999,1.1120875,-1
584,585,1566171861361,-0.5283,0.2298,1.2799,9.011287,-2.1167617,1.0540425,-1
585,586,1566171861372,-0.8907,0.047399998,0.6669,8.724069,-2.2802281000000004,0.61892027,-1
586,587,1566171861382,-0.8907,0.047399998,0.6669,8.200447,-2.4028687,-0.2615426,-1
587,588,1566171861392,-1.3330000000000002,-0.052699998,-0.0705,7.950129,-2.5108182,-0.6238619000000001,-1
588,589,1566171861402,-1.5198,-0.3674,-0.5689,8.013939,-2.7168636000000004,-0.74331343,-1
589,590,1566171861412,-1.1844,-0.3297,-0.168,8.455487,-2.6782784,-0.20937774,-1
590,591,1566171861422,-0.7399,-0.2774,0.38059998,8.788397,-2.6518273,0.22345562,-1
591,592,1566171861433,-0.38349998,-0.2147,0.7129,9.180968,-2.5670152,0.619562,-1
592,593,1566171861443,-0.25329998,-0.0665,0.8085,9.261728999999999,-2.4525054,0.6605124,-1
593,594,1566171861453,-0.35959998,0.126,0.6683,9.132912,-2.253059,0.45395982,-1
594,595,1566171861463,-0.5848,0.16699999999999998,0.2995,8.934472,-2.2387605,0.16124469,-1
595,596,1566171861473,-0.74189997,0.1179,-0.20009999,8.754839,-2.2937602999999998,-0.40961918,-1
596,597,1566171861484,-0.80039996,0.13939999,-0.4046,8.768333,-2.2582014,-0.5720418,-1
597,598,1566171861494,-0.6225,0.1647,-0.24059999,8.940706,-2.2206316000000004,-0.33035195,-1
598,599,1566171861504,-0.3161,0.2033,-0.0014,9.196003999999999,-2.2145886000000004,-0.14604631,-1
599,600,1566171861514,-0.1269,0.2243,-0.0165,9.4,-2.2343552000000004,-0.16269079,-1
600,601,1566171861525,-0.1143,0.13679999,0.0667,9.389446000000001,-2.301144,-0.09300995,-1
601,602,1566171861535,-0.1804,-0.0105,0.1525,9.303504,-2.4931207000000004,-0.056579772,d
602,603,1566171861545,-0.2366,-0.1086,-0.095199995,9.26897,-2.572359,-0.2605083,-1
603,604,1566171861555,-0.2139,-0.17539999,-0.27609998,9.300047,-2.6458898,-0.46256933,-1
604,605,1566171861566,-0.1025,-0.23099999,-0.4985,9.502165,-2.7751384,-0.8126781999999999,-1
605,606,1566171861576,0.17549999,-0.3157,-0.8602,9.714617,-2.8152173,-1.0910378,-1
606,607,1566171861586,0.45319998,-0.2744,-1.0541999,10.095438,-2.7500183999999996,-1.3344419,-1
607,608,1566171861596,0.7395,-0.18879999,-1.2681999,10.290624000000001,-2.7036762000000003,-1.4887625,-1
608,609,1566171861606,0.9162,-0.119799994,-1.3844999,10.44934,-2.60719,-1.5575430000000001,-1
609,610,1566171861616,0.9733,-0.0285,-1.3927,10.4339695,-2.5305276,-1.5171291,-1
610,611,1566171861626,0.9305,0.036599997,-1.3244,10.397569,-2.4680293,-1.4615357,-1
611,612,1566171861636,0.877,0.019399998999999998,-1.1502,10.346093,-2.4388490000000003,-1.2822578000000002,-1
612,613,1566171861646,0.8328,0.02,-0.89839995,10.384879,-2.3469784,-0.952174,-1
613,614,1566171861656,0.96529996,0.1786,-0.6005,10.48306,-2.2607775,-0.6886969000000001,-1
614,615,1566171861666,1.0002,0.1523,-0.2297,10.553738000000001,-2.2814732,-0.24476403,-1
615,616,1566171861676,1.0839,0.0962,0.0367,10.619817,-2.3064877999999998,-0.1370441,-1
616,617,1566171861687,1.1868,0.127,-0.037000000000000005,10.793933,-2.2202102999999997,-0.18545486,-1
617,618,1566171861697,1.4267,0.1855,-0.14649999,11.047775,-2.1568406,-0.14041515,-1
618,619,1566171861707,1.5187,0.2206,0.062699996,11.04608,-2.1360493,0.18408537,-1
619,620,1566171861717,1.443,0.153,0.46699998,10.832192,-2.1583345,0.7804426999999999,-1
620,621,1566171861727,1.1015999,0.0411,0.9316,10.519519,-2.2955222,1.1791635,-1
621,622,1566171861737,0.6613,-0.2024,1.4002,10.0035305,-2.5114697999999995,1.7631668000000003,-1
622,623,1566171861748,0.3288,-0.31039998,1.8641,9.841394000000001,-2.4915402,2.1846228,-1
623,624,1566171861758,0.22209999,-0.30969998,2.313,9.756947,-2.4553401000000004,2.449077,-1
624,625,1566171861768,0.2041,-0.31829998,2.3209,9.789431,-2.3941922000000004,2.402907,-1
625,626,1566171861778,0.1959,-0.21959999,2.1807,9.703057000000001,-2.223993,2.3434062,-1
626,627,1566171861788,0.030299998999999998,-0.1241,2.1431,9.399167,-2.1026740000000004,2.1358674,-1
627,628,1566171861798,-0.2738,-0.065,1.8691,9.120405,-2.0496953,1.8169596999999997,-1
628,629,1566171861808,-0.6579999999999999,-0.0722,1.5267998999999999,8.516453,-1.9192016,1.5732491000000002,-1
629,630,1566171861819,-1.1904,-0.0071,1.3646,8.13001,-1.8476055,1.4065743999999998,-1
630,631,1566171861829,-1.7035999,-0.0438,1.1557,7.498342999999999,-1.7899914000000001,1.3397378,-1
631,632,1566171861840,-2.2753,-0.0512,1.2742,7.013536,-1.8283465,1.5664113000000002,-1
632,633,1566171861850,-2.8651,-0.17109999,1.6144999,6.382396,-2.0602489,1.8883835,-1
633,634,1566171861860,-3.3934998999999997,-0.48549998,1.9650999,6.175087,-2.197293,2.0508924,-1
634,635,1566171861870,-3.5454998,-0.6353,2.2826,6.2482343,-2.2290115000000004,2.2358205,-1
635,636,1566171861880,-3.3995,-0.60899997,2.3783998,6.5440907,-2.1593306,1.9012547999999998,-1
636,637,1566171861891,-3.1422,-0.5559,2.1395,6.774259599999999,-2.1115133999999998,1.5663443000000001,-1
637,638,1566171861901,-2.8727,-0.4613,1.7485,7.104659599999999,-1.9248233000000001,0.6872221,-1
638,639,1566171861911,-2.5723,-0.28059998,1.0555,7.2848663,-1.7941285,-0.13193966,-1
639,640,1566171861921,-2.3497999,-0.038799997,0.1301,7.3213729999999995,-1.5681351000000001,-1.1744708000000001,-1
640,641,1566171861932,-2.3332999,0.122899994,-0.6828,7.229206,-1.5863981000000003,-1.5869151000000001,-1
641,642,1566171861942,-2.5067,0.1803,-1.0406,7.1349893,-1.5510309,-1.6566534,-1
642,643,1566171861952,-2.5288,0.20639999,-0.9353,7.111689,-1.5285636999999999,-1.5973155,-1
643,644,1566171861962,-2.4322999,0.2726,-1.0109,7.198914500000001,-1.4857745,-1.7538772,-1
644,645,1566171861972,-2.3831,0.3324,-1.1107,7.238486,-1.4394993999999999,-1.9376658,-1
645,646,1566171861983,-2.3321,0.3287,-1.0708,7.2773867,-1.4781705,-1.970811,-1
646,647,1566171861993,-2.0836,0.2841,-1.3349,7.630043,-1.5889934,-2.3869233,-1
647,648,1566171862003,-1.4808999,0.3087,-1.6615,8.098301,-1.5782194999999999,-2.6844366,-1
648,649,1566171862013,-0.71989995,0.44129997,-2.0574,9.057256,-1.4903235000000001,-3.2692153,-1
649,650,1566171862024,0.15969999,0.4924,-2.5793998,9.708938999999999,-1.5080599,-3.6923857000000004,-1
650,651,1566171862034,1.04,0.5557,-3.0170999,10.775210000000001,-1.4774715,-4.2287927000000005,-1
651,652,1566171862044,1.7269999999999999,0.6379,-3.1783,11.242137,-1.4952077,-4.354114,-1
652,653,1566171862055,2.0819,0.59169996,-3.1315,11.612376,-1.6181548000000001,-4.299517,-1
653,654,1566171862065,2.2795,0.4578,-2.924,11.845199000000001,-1.7823683000000001,-4.1297296999999995,-1
654,655,1566171862075,2.4048,0.3542,-2.8083,11.923134,-1.9228023999999997,-3.9338267,-1
655,656,1566171862085,2.5463,0.262,-2.3332,12.082358000000001,-2.1223257,-3.321093,-1
656,657,1566171862096,2.6553,0.0162,-1.8122,12.150333999999999,-2.3091787999999998,-2.889926,-1
657,658,1566171862106,2.6731,-0.1073,-1.4137,12.128873,-2.45511,-2.3340786000000002,-1
658,659,1566171862116,2.5612,-0.1372,-0.9393,12.007592,-2.4909275,-1.8846678,-1
659,660,1566171862126,2.281,-0.2505,-0.502,11.633838,-2.6037326000000003,-1.3174046,-1
660,661,1566171862136,1.9506999,-0.2992,-0.1769,11.251311,-2.6548154,-0.95340943,-1
661,662,1566171862147,1.6887,-0.3304,-0.040799998,11.132684,-2.634321,-0.79765224,-1
662,663,1566171862156,1.584,-0.2447,0.095,11.081064,-2.541359,-0.6270796999999999,-1
663,664,1566171862166,1.4893999,-0.07200000000000001,0.35959998,10.947085000000001,-2.34898,-0.23196942,-1
664,665,1566171862176,1.2473999,0.0083,0.67579997,10.5327635,-2.2495917999999997,0.35074097,-1
665,666,1566171862186,0.83809996,0.0435,1.0167999,10.144826,-2.2206892999999996,0.5747616,-1
666,667,1566171862196,0.2518,0.10300000000000001,1.2965,9.401896,-2.1604509999999997,0.97049445,-1
667,668,1566171862207,-0.3933,0.1681,1.5582,8.870192,-2.0489867,1.2073097,-1
668,669,1566171862217,-1.0379,0.2226,1.714,8.140295,-1.9850901,1.2477046999999999,-1
669,670,1566171862227,-1.6323999,0.18069999,1.6639999,7.713208,-2.0731392,1.2463161,-1
670,671,1566171862238,-2.0878,0.0854,1.7425,7.317168700000001,-2.1848528,1.365078,-1
671,672,1566171862248,-2.2958998999999998,-0.070999995,1.7924999,7.2018166,-2.333772,1.2559695,-1
672,673,1566171862258,-2.3548,-0.1898,1.6585,7.1677227,-2.4460599999999997,1.3451775,-1
673,674,1566171862268,-2.4122999,-0.3119,1.8182,7.166823,-2.5882087000000005,1.4583274,-1
674,675,1566171862279,-2.3803,-0.3994,1.8908,7.229819,-2.6068642000000004,1.4870673,-1
675,676,1566171862289,-2.2984,-0.36609998,2.0151,7.251865,-2.5779902999999997,1.6103593,-1
676,677,1566171862299,-2.3141,-0.3319,2.0058,7.244548,-2.5553505000000003,1.5141506,-1
677,678,1566171862310,-2.3298,-0.3275,1.8418,7.1450059999999995,-2.5245995999999997,1.1090708,-1
678,679,1566171862319,-2.4141,-0.26479998,1.5232999,7.1081357,-2.5394435,0.8063097,-1
679,680,1566171862330,-2.4196,-0.21139999,1.1504999,7.1725016,-2.4315702999999997,0.26571807,-1
680,681,1566171862340,-2.3459,-0.1178,0.6759,7.294184700000001,-2.3018909,-0.18914194,-1
681,682,1566171862350,-2.1735,0.075399995,0.2057,7.3912644,-2.1718762000000003,-0.76668084,-1
682,683,1566171862360,-2.1376998,0.1617,-0.2392,7.413875599999999,-2.1285315,-1.049915,-1
683,684,1566171862370,-2.1109,0.1999,-0.4351,7.348523599999999,-2.1195965,-0.96130073,-1
684,685,1566171862380,-2.1715999,0.2304,-0.2355,7.344271000000001,-2.2429838,-0.68789244,-1
685,686,1566171862391,-2.1523,0.1387,0.0404,7.414871700000001,-2.3761783,-0.44775403,-1
686,687,1566171862401,-2.0207999,0.023799999,0.3755,7.8802275999999996,-2.4866657,0.018942924,-1
687,688,1566171862411,-1.5974,-0.0164,0.77919996,8.291714,-2.5056564999999997,0.02120305,-1
688,689,1566171862421,-1.0504999,0.014699998999999998,0.7862,8.94126,-2.5938687000000002,-0.41453207,-1
689,690,1566171862432,-0.49159998,0.0067,0.4003,9.197239,-2.7233183,-0.65985155,-1
690,691,1566171862442,0.2087,-0.1458,-0.41779998,9.596036999999999,-2.8923872000000004,-1.2275169,-1
691,692,1566171862452,0.2087,-0.1458,-0.41779998,9.882556,-2.9365554,-1.6671879,-1
692,693,1566171862462,1.0181,-0.110599995,-0.97889996,10.363177,-2.9986036,-1.8168064,-1
693,694,1566171862472,1.4705,0.030199998999999998,-0.71779996,10.861814,-2.8964,-1.4919803,-1
694,695,1566171862482,1.8131,0.1427,-0.3348,11.120522,-2.8543866,-1.2012093000000001,-1
695,696,1566171862492,2.1043,0.1573,-0.32979998,11.431489,-2.902663,-1.273543,-1
696,697,1566171862503,2.2263,0.0349,-0.8605,11.509426,-3.0458555,-1.7868694,-1
697,698,1566171862513,2.1399,-0.056199998,-1.3222,11.353822000000001,-3.186443,-2.295101,-1
698,699,1566171862523,1.9333999,-0.21409999,-1.3132,11.192826,-3.3451687999999993,-2.2974377,-1
699,700,1566171862533,1.8127999,-0.2707,-0.8548,11.044079,-3.414304,-1.7247158,-1
700,701,1566171862543,1.7492,-0.1449,-0.27519998,10.9889555,-3.2964803999999996,-1.3041025,-1
701,702,1566171862554,1.5952,-0.0117,-0.0022,10.813402,-3.1305912,-1.0533339,-1
702,703,1566171862564,1.3804,0.1981,-0.055,10.620449,-2.9663967999999996,-1.0868719,-1
703,704,1566171862574,0.97819996,0.3094,-0.24309999,10.152909,-2.841295,-1.3486346000000002,-1
704,705,1566171862584,0.6148,0.3428,-0.63269997,9.769119,-2.7800992,-1.6694958999999998,-1
705,706,1566171862594,0.4583,0.4175,-0.7471,9.657817999999999,-2.7434776000000003,-1.7539060000000002,-1
706,707,1566171862604,0.3421,0.43609998,-0.7514,9.585569,-2.7434293999999997,-1.7274835,-1
707,708,1566171862615,0.34469998,0.37849998,-0.39049998,9.585111,-2.8507279999999997,-1.2052985,-1
708,709,1566171862625,0.43629998,0.3313,0.07369999599999999,9.687992999999999,-2.9232626,-0.8509184999999999,-1
709,710,1566171862635,0.44939998,0.17549999,0.1081,9.651066,-3.0593204,-0.8618072,-1
710,711,1566171862645,0.3442,0.10569999,0.1337,9.512566,-3.205223,-0.76052296,-1
711,712,1566171862656,0.1795,-0.0648,0.25079998,9.370225999999999,-3.29581,-0.66245645,-1
712,713,1566171862667,0.0044,-0.1688,0.34939998,9.188477,-3.4002644999999996,-0.60601074,-1
713,714,1566171862677,-0.0337,-0.1758,0.4579,9.230328,-3.3552535000000003,-0.42943358,-1
714,715,1566171862687,0.0455,-0.0954,0.5281,9.301139,-3.3315985,-0.48076528,-1
715,716,1566171862697,0.15349999,-0.0458,0.3805,9.448678999999998,-3.233695,-0.7321181999999999,-1
716,717,1566171862707,0.2898,-0.047599997000000005,0.0438,9.5532,-3.3289937999999997,-1.0296790999999998,-1
717,718,1566171862717,0.3665,-0.1498,-0.1361,9.611676,-3.4444613,-1.0219314,-1
718,719,1566171862728,0.3839,-0.2543,0.0311,9.615258,-3.5177815000000003,-0.74694306,-1
719,720,1566171862738,0.41059998,-0.3612,0.43699998,9.691039,-3.6354422999999993,-0.43900082,-1
720,721,1566171862748,0.5534,-0.49229997,0.5482,9.8861,-3.7303097000000003,-0.4135457,-1
721,722,1566171862758,0.85389996,-0.5807,0.49859998,10.1543455,-3.7902703,-0.45346179999999997,-1
722,723,1566171862768,1.29,-0.585,0.3383,10.830688,-3.7982093999999997,-1.0394571,-1
723,724,1566171862778,1.6459999,-0.6419,-0.2087,11.129945,-3.8129672999999995,-1.4722712,-1
724,725,1566171862789,1.9899999,-0.65529996,-0.6418,11.419825999999999,-3.8132352999999997,-1.7427682,-1
725,726,1566171862799,2.1647,-0.67649996,-0.8601,11.514453,-3.7556024,-1.8665580000000002,d
726,727,1566171862809,2.248,-0.6487,-0.96089995,11.591642,-3.553771,-2.0305703,-1
727,728,1566171862819,2.2886999,-0.50369996,-1.1718998999999999,11.555461,-3.404689,-2.1189451,-1
728,729,1566171862829,2.1692998,-0.3788,-1.2003,11.3955765,-3.1702774,-2.0201700000000002,-1
729,730,1566171862840,2.0469999999999997,-0.25439999,-1.1517998999999999,11.288344,-2.9493117,-1.9184356,-1
730,731,1566171862850,1.8047999,-0.0117,-1.0073,10.888933999999999,-2.5046222,-1.6502563000000001,-1
731,732,1566171862860,1.3939999,0.25239998,-0.80789995,10.473453999999998,-2.2780158999999998,-1.490381,-1
732,733,1566171862870,0.81549996,0.4414,-0.68039995,9.746986,-1.8616258999999997,-1.3867503,-1
733,734,1566171862880,0.1195,0.7453,-0.6627,9.245832,-1.5354686000000002,-1.3997078,-1
734,735,1566171862890,-0.5158,1.0122,-0.6759999999999999,8.625015,-1.1613889,-1.2711966000000001,-1
735,736,1566171862901,-1.0016,1.2951,-0.5341,8.142623,-0.5508483000000001,-0.9625744,-1
736,737,1566171862911,-1.3863,1.7048,-0.3249,7.935457,-0.21004811,-0.8822633,-1
737,738,1566171862921,-1.6501,2.0662,-0.28419998,7.7019649999999995,0.24809675,-1.0986321000000001,-1
738,739,1566171862931,-2.2470999,2.3112,-0.5347,7.2091327000000005,0.19102857,-1.004789,-1
739,740,1566171862942,-2.8648,1.7335,-0.1519,6.725169,-0.30198544,-0.64429885,-1
740,741,1566171862952,-3.4103,0.8746,0.5868,6.176734,-1.2641767,0.31472259999999996,-1
741,742,1566171862962,-3.4025,0.2774,1.5253999,6.1965294,-1.7240933999999997,1.0682257,-1
742,743,1566171862972,-3.4025,0.2774,1.5253999,6.511271,-2.0003555,1.5681351000000001,-1
743,744,1566171862982,-2.2977998,-0.2316,2.0056998999999998,7.297517299999999,-2.2609310000000002,1.5469128,-1
744,745,1566171862992,-1.6351999,-0.37019998,1.6939,8.047976,-2.4448152000000003,1.1529804,-1
745,746,1566171863003,-1.2178999,-0.44099998,1.2135,8.360868,-2.5304892000000003,0.76631695,-1
746,747,1566171863013,-0.978,-0.60469997,0.53679997,8.657223,-2.7488884999999996,-0.010793061000000001,-1
747,748,1566171863023,-0.88629997,-0.71529996,0.0986,8.690474,-2.834754,-0.3433381,-1
748,749,1566171863033,-0.9229999999999999,-0.8207,-0.0127,8.6358185,-2.9995708,-0.41681138,-1
749,750,1566171863043,-0.8132,-0.8515,0.0464,8.757741000000001,-3.006313,-0.3842311,-1
750,751,1566171863053,-0.63549995,-0.7387,0.0197,8.997983999999999,-2.8399734,-0.33816662,-1
751,752,1566171863063,-0.4386,-0.48229998,0.3423,9.1334,-2.6391861,-0.11337024,-1
752,753,1566171863074,-0.4386,-0.48229998,0.3423,9.180825,-2.455953,0.09851660599999999,-1
753,754,1566171863084,-0.4885,-0.097799994,0.6458,9.083936999999999,-2.2443535,0.19775148,-1
754,755,1566171863094,-0.5983,-0.096499994,0.45949998,8.943953,-2.2272015,-0.04645709,-1
755,756,1566171863104,-0.6387,-0.1109,0.3974,8.92567,-2.244631,-0.07416279,-1
756,757,1566171863114,-0.4825,-0.1428,0.4427,9.108511,-2.24149,0.006856994,-1
757,758,1566171863124,-0.23719999,-0.0435,0.46949998,9.3345995,-2.1810508,0.03548207,-1
758,759,1566171863134,-0.0501,0.0,0.43519998,9.539429,-2.139784,-0.041189846,-1
759,760,1566171863145,0.058599997,0.005,0.3813,9.643969,-2.1288283,-0.17094600000000001,d
760,761,1566171863155,0.108399995,-0.0392,0.1301,9.673657,-2.20234,-0.35813427,-1
761,762,1566171863165,0.17799999,-0.102699995,0.018000000000000002,9.773026,-2.2639284,-0.47149494,-1
762,763,1566171863175,0.2871,-0.2144,-0.19899999999999998,9.898280999999999,-2.3992584,-0.6754043000000001,-1
763,764,1566171863185,0.5239,-0.2962,-0.2589,10.181889,-2.4471328,-0.6333141999999999,-1
764,765,1566171863195,0.7407,-0.2911,0.013999999499999999,10.332828999999998,-2.4593142999999995,-0.38737226,-1
765,766,1566171863205,0.8095,-0.34899998,0.2377,10.401705,-2.5178287,-0.14328818,-1
766,767,1566171863216,0.8278,-0.32479998,0.32369998,10.383517999999999,-2.4492682999999995,-0.13007219,-1
767,768,1566171863226,0.6681,-0.22839999,0.2014,10.132319,-2.3404949,-0.24746469,-1
768,769,1566171863236,0.4287,-0.098799996,0.1086,9.94652,-2.197274,-0.37539166,-1
769,770,1566171863246,0.2768,0.017099998999999998,-0.1389,9.787611,-1.9958831999999997,-0.6402190999999999,-1
770,771,1566171863256,0.1542,0.2008,-0.22749999,9.710258999999999,-1.8303479999999999,-0.6593919,-1
771,772,1566171863266,0.1006,0.3852,-0.3436,9.670161,-1.6471342,-0.75124305,-1
772,773,1566171863276,0.066599995,0.53029996,-0.3611,9.649916000000001,-1.4938477,-0.79167634,-1
773,774,1566171863287,0.0032,0.685,-0.19309999,9.542953500000001,-1.2541403,-0.5248951999999999,-1
774,775,1566171863297,-0.2075,0.7987,0.082899995,9.215722999999999,-1.1596364,-0.26157132,-1
775,776,1566171863307,-0.5754,0.82299995,0.2498,8.87091,-1.125227,-0.10612060000000001,-1
776,777,1566171863317,-0.9823,0.8878,0.3868,8.389388,-1.0510641,0.07151002,-1
777,778,1566171863327,-1.3883,0.81949997,0.5334,8.104814,-1.1759361000000002,0.14589308,-1
778,779,1566171863337,-1.7439,0.6204,0.58169997,7.8339524,-1.3302855,0.14060667,-1
779,780,1566171863348,-1.8917999,0.4894,0.46249998,7.6638589999999995,-1.5920771,0.018981231,-1
780,781,1566171863358,-1.9693999,0.2685,0.43159997,7.6322556,-1.6983701,0.03572149,-1
781,782,1566171863368,-2.0259,0.1131,0.522,7.5115685,-1.9496367,0.17191325,-1
782,783,1566171863378,-2.1106,-0.0273,0.6066,7.394952,-2.0707736,0.18646044,-1
783,784,1566171863388,-2.263,-0.1252,0.5771,7.322551,-2.134718,0.15779704,-1
784,785,1566171863398,-2.3265,-0.1815,0.60929996,7.1946144,-2.1930313,0.12360785,-1
785,786,1566171863409,-2.4091,-0.22639999,0.5471,7.199077000000001,-2.3337817000000003,0.21639752,-1
786,787,1566171863419,-2.3831,-0.3089,0.695,7.258300299999999,-2.3919799999999998,0.25294262,-1
787,788,1566171863429,-2.2976,-0.33069998,0.73899996,7.2728470000000005,-2.4466537999999995,0.09760681,-1
788,789,1566171863439,-2.28,-0.3599,0.5476,7.299834700000001,-2.4572937,-0.13798264,-1
789,790,1566171863449,-2.2798,-0.312,0.38,7.2176943,-2.4372113,-0.15559438,-1
790,791,1566171863460,-2.3314,-0.27519998,0.4396,7.2170625,-2.4625132,-0.02912307,-1
791,792,1566171863470,-2.3313,-0.2201,0.7434,7.3062797,-2.3791947,0.17198029999999997,-1
792,793,1566171863480,-2.2122,-0.12239999,0.76659995,7.386323,-2.3400736,-0.0004884171599999999,-1
793,794,1566171863490,-2.1114,-0.069699995,0.53749996,7.495355,-2.4015853,-0.45214978,-1
794,795,1566171863500,-1.9695,-0.12019999,0.1757,7.7303123,-2.5347605,-0.8547299999999999,-1
795,796,1566171863511,-1.5409,-0.2144,-0.3568,8.375809,-2.6229534,-1.4942883,-1
796,797,1566171863521,-0.94299996,-0.16569999,-0.7635,8.915146,-2.6685772,-1.8441962,-1
797,798,1566171863531,-0.2056,-0.1529,-1.1845,9.904458,-2.6869167999999997,-2.285974,-1
798,799,1566171863541,1.2903,-0.0836,-1.4793999,10.697331,-2.7009084,-2.4945092,-1
799,800,1566171863552,1.2903,-0.0836,-1.4793999,11.095429,-2.7640963,-2.7108207,-1
800,801,1566171863562,2.0425,-0.115499996,-1.7947999,11.412086500000001,-2.816769,-2.9188,-1
801,802,1566171863572,2.0425,-0.115499996,-1.7947999,11.512979,-2.9284534,-2.9984121,-1
802,803,1566171863582,2.2579,-0.1496,-1.7129999,11.613947,-2.9107652,-2.8839598,-1
803,804,1566171863592,2.3219,-0.078,-1.6233,11.681118,-2.8169508,-2.8198047,-1
804,805,1566171863603,2.2858,-0.019,-1.7491,11.627594,-2.786889,-2.9319108,-1
805,806,1566171863612,2.1117,0.049399998,-1.6351999,11.483635000000001,-2.7341783,-2.8206186,-1
806,807,1566171863622,2.1117,0.049399998,-1.6351999,11.335071000000001,-2.8029878,-2.6694486,-1
807,808,1566171863632,1.9791,0.0726,-1.3291998999999999,11.324314999999999,-2.7207804,-2.4388007999999997,-1
808,809,1566171863642,1.9791,0.0726,-1.3291998999999999,11.438146000000001,-2.698476,-2.1823148999999997,-1
809,810,1566171863652,2.1099,0.12789999,-1.028,11.560757,-2.7109162999999996,-1.9497133000000002,-1
810,811,1566171863663,2.4383,0.113,-0.6920000000000001,11.769561,-2.7401543,-1.7961876,-1
811,812,1566171863673,2.4383,0.113,-0.6920000000000001,11.851977999999999,-2.7381241000000003,-1.6732310000000001,-1
812,813,1566171863683,2.4663,0.19389999,-0.4211,11.798396,-2.6896846,-1.4528973,-1
813,814,1566171863693,2.4663,0.19389999,-0.4211,11.667366000000001,-2.7250037,-1.5488952,-1
814,815,1566171863705,1.8664,0.0797,-0.6602,11.208503,-2.7963414,-1.5917419,-1
815,816,1566171863715,1.4356999,0.055499997,-0.35459998,10.695751,-2.8234534,-1.1340854,-1
816,817,1566171863725,1.0725,-0.062299997,0.16,10.330473,-2.9346497000000005,-0.47064257,-1
817,818,1566171863735,0.87579995,-0.1929,0.69799995,10.226823,-3.035206,0.017286137,-1
818,819,1566171863745,0.7381,-0.2465,1.2901,10.08478,-3.0566772999999996,0.7424132,-1
819,820,1566171863756,0.6303,-0.32,1.7580999,10.003147,-3.0981736,1.0976458,-1
820,821,1566171863767,0.5617,-0.3838,1.8915,10.004046,-3.1023874,1.2038908000000001,-1
821,822,1566171863777,0.5815,-0.29099998,1.7394999,10.032616,-2.9974353,1.041564,-1
822,823,1566171863787,0.6791,-0.1028,1.6071,10.097479,-2.700516,0.91356033,-1
823,824,1566171863797,0.68729997,0.1095,1.4366,10.050543,-2.4243877,0.9124398000000001,-1
824,825,1566171863807,0.52709997,0.3049,1.5130000000000001,9.900944,-2.2274504,1.092819,-1
825,826,1566171863817,0.2676,0.4737,1.8499,9.466999000000001,-1.9723912000000001,1.4349216999999999,-1
826,827,1566171863828,-0.19839999,0.598,1.9490999,9.073775,-1.9163477,1.408164,-1
827,828,1566171863838,-0.65459996,0.64199996,1.8383,8.525791,-1.7332679,1.1862598999999998,-1
828,829,1566171863848,-1.1585,0.69839996,1.4885,8.1282,-1.7997118000000003,0.90049756,-1
829,830,1566171863858,-1.6308,0.5056,1.3120999,7.689027,-2.0273142,0.82663167,-1
830,831,1566171863868,-1.8748,0.23339999,1.4081,7.670026299999999,-2.1537759999999997,1.1069256,-1
831,832,1566171863879,-1.8216,0.1678,1.6681,7.8090910000000004,-2.1820564,1.2654216999999999,-1
832,833,1566171863889,-1.6484,0.0911,1.8814,7.8966327000000005,-2.2191665,1.5054644,-1
833,834,1566171863899,-1.6607,0.0178,2.0170999,7.8241744,-2.2505015999999998,1.2498498,-1
834,835,1566171863909,-1.7706,0.0144,1.6127,7.702137,-2.2225373,0.8587139000000001,-1
835,836,1566171863919,-2.0079,-0.0077,1.1487,7.390642,-2.3199527,0.21724027,-1
836,837,1566171863929,-2.2052,-0.1251,0.5768,7.3138647,-2.451806,-0.53713435,-1
837,838,1566171863939,-2.2148,-0.228,-0.0106999995,7.399261,-2.465932,-1.0400221,-1
838,839,1566171863950,-1.9964,-0.2244,-0.6398,7.8365,-2.413748,-1.7618356,-1
839,840,1566171863960,-1.6093,-0.1458,-1.1661,8.173249,-2.4208252,-2.1930982999999995,-1
840,841,1566171863970,-1.1823,-0.2024,-1.6234,8.7135725,-2.4881694,-2.360003,-1
841,842,1566171863980,-0.7069,-0.21239999,-1.5631,9.085833000000001,-2.4420857000000002,-2.0613599999999996,-1
842,843,1566171863990,-0.3118,-0.1706,-1.0447999,9.441564,-2.3891165,-1.5161426000000002,-1
843,844,1566171864000,-0.0858,-0.1086,-0.67759997,9.427677000000001,-2.365232,-1.3996121000000001,-1
844,845,1566171864010,-0.1175,-0.095199995,-0.5226,9.205131,-2.2477531,-1.3488166000000001,-1
845,846,1566171864021,-0.3768,-0.0093,-0.5133,8.972607,-2.2132669999999997,-1.3947088,-1
846,847,1566171864031,-0.65669996,0.0265,-0.5222,8.603832,-2.1949084,-1.4014603,-1
847,848,1566171864041,-0.9655,-0.0116,-0.5391,8.495806,-2.3027241000000003,-1.3104041000000002,-1
848,849,1566171864051,-1.0375,-0.1292,-0.48369998,8.748768,-2.2310223999999996,-1.1903588,-1
849,850,1566171864061,-0.1943,0.057699997,-0.3963,9.343764,-2.1281486000000003,-1.1838082,-1
850,851,1566171864072,-0.1943,0.057699997,-0.3963,9.725237,-2.0427616000000004,-1.2563142,-1
851,852,1566171864082,0.27809998,0.1583,-0.4578,10.091722500000001,-1.9801773,-1.0277638,-1
852,853,1566171864092,0.5748,0.3493,0.0319,10.097192,-1.8540602,-0.6790626000000001,-1
853,854,1566171864102,0.37799999999999995,0.36699998,0.225,9.915835000000001,-1.8472415,-0.5414151999999999,-1
854,855,1566171864112,0.37799999999999995,0.36699998,0.225,9.673859,-1.8422903000000002,-0.4611041,-1
855,856,1566171864122,0.0328,0.3988,0.2809,9.292826,-1.8378276000000002,-0.6957741999999999,-1
856,857,1566171864133,-0.3928,0.3721,0.0337,9.130307,-1.8120372,-0.7491553000000001,-1
857,858,1566171864142,-0.3928,0.3721,0.0337,9.035717,-1.8706568,-0.7497778,-1
858,859,1566171864152,-0.51129997,0.30859998,0.0072999996999999995,9.06348,-1.9585911,-0.6998539,-1
859,860,1566171864162,-0.27339998,0.2075,0.0687,9.268865,-1.9785587,-0.7036176,-1
860,861,1566171864172,-0.27339998,0.2075,0.0687,9.418416,-2.1015919999999997,-0.5842331000000001,-1
861,862,1566171864182,0.0276,-0.0075999996999999994,0.4201,9.5615225,-2.2197027,-0.3760908,-1
862,863,1566171864193,0.0276,-0.0075999996999999994,0.4201,9.626041,-2.2428977000000003,-0.25410140000000003,d
863,864,1566171864203,0.0916,-0.0198,0.3852,9.623236,-2.247868,-0.43386763,-1
864,865,1566171864213,0.0334,0.0039,0.116299994,9.529115,-2.247035,-0.72202414,-1
865,866,1566171864223,0.0334,0.0039,0.116299994,9.412469,-2.2441139999999997,-0.82642096,-1
866,867,1566171864233,-0.262,-0.045599997,-0.192,9.229925,-2.2753822999999995,-1.0245459000000001,-1
867,868,1566171864243,-0.40019998,-0.086899996,-0.14729999,9.129762,-2.3102899,-0.94015515,-1
868,869,1566171864254,-0.4298,-0.0591,0.011000000000000001,9.128028,-2.2873054,-0.77097124,-1
869,870,1566171864264,-0.3315,-0.0298,0.0634,9.293027,-2.219578,-0.7240831999999999,-1
870,871,1566171864274,-0.1248,0.069699995,0.1566,9.461846000000001,-2.1095693,-0.5884948,-1
871,872,1566171864284,0.0232,0.2188,0.2899,9.549455,-2.007519,-0.5263220999999999,-1
872,873,1566171864294,0.0334,0.2979,0.20449999,9.563121,-1.9436512,-0.61484057,-1
873,874,1566171864304,-0.0257,0.20789999,0.1077,9.451925,-2.0131023,-0.81820405,-1
874,875,1566171864315,-0.1147,0.17469999,-0.1364,9.404664,-2.0674984,-1.004224,-1
875,876,1566171864325,-0.1943,0.16899999999999998,-0.2226,9.281553,-2.078014,-1.0263655,-1
876,877,1566171864335,-0.3329,0.1428,-0.2296,9.193342,-2.0923502,-1.0217879,-1
877,878,1566171864345,-0.3733,0.0189,-0.039499998,9.1614895,-2.2117443,-0.7393774000000001,-1
878,879,1566171864355,-0.3637,0.006,0.3484,9.191292,-2.1805527000000002,-0.43173203,-1
879,880,1566171864365,-0.1867,0.075399995,0.51919997,9.367918,-2.0982497,-0.371628,-1
880,881,1566171864376,-0.117199995,0.118599996,0.3017,9.466041,-2.0398311999999996,-0.7243801,-1
881,882,1566171864386,0.0011999999,0.21229999,-0.0067999995999999995,9.535903999999999,-2.0175076,-0.9459874,-1
882,883,1566171864396,0.0116,0.2172,-0.2385,9.5401945,-1.9856743000000001,-1.0616273,-1
883,884,1566171864406,0.0316,0.22,-0.23179999,9.537819,-2.038002,-1.0318626,-1
884,885,1566171864416,0.0022,0.18069999,-0.1041,9.521078999999999,-2.031327,-0.88345087,-1
885,886,1566171864426,-0.057,0.1982,0.1118,9.399023,-2.0805135,-0.6124655,-1
886,887,1566171864437,-0.2543,0.0862,0.2862,9.1325,-2.212884,-0.42976877,-1
887,888,1566171864447,-0.46179998,-0.046099997999999996,0.3696,8.992525,-2.3039021,-0.43422198,-1
888,889,1566171864457,-0.551,-0.107499994,0.355,8.979846,-2.2956946,-0.47288358,-1
889,890,1566171864467,-0.4921,-0.057,0.2439,9.114381,-2.2164848,-0.6022758,-1
890,891,1566171864477,-0.27539998,0.0064,0.0659,9.38166,-2.159005,-0.8639142,-1
891,892,1566171864487,-0.067999996,0.110599995,-0.0514,9.554263,-2.064769,-0.86332035,-1
892,893,1566171864497,0.15869999,0.214,-0.1094,9.74962,-1.9557084999999998,-0.9805884,-1
893,894,1566171864507,0.22739999,0.28300000000000003,-0.1299,9.757684,-1.8826183,-0.86845356,-1
894,895,1566171864517,0.1871,0.3471,0.075899996,9.654159,-1.8511968,-0.6098319000000001,-1
895,896,1566171864527,0.0677,0.3682,0.2651,9.558228,-1.8328380000000002,-0.55490893,-1
896,897,1566171864538,-0.110599995,0.37809998,0.3371,9.336611999999999,-1.8966196,-0.37092888,-1
897,898,1566171864548,-0.2399,0.2609,0.55689996,9.270435,-1.9752451000000002,-0.24815422,-1
898,899,1566171864558,-0.30969998,0.1565,0.56119996,9.223433,-2.1175467999999995,-0.2898708,d
899,900,1566171864568,-0.2805,0.0072,0.56369996,9.30335,-2.1897945,-0.26930940000000003,-1
900,901,1566171864578,-0.1033,-0.0396,0.5657,9.597876,-2.2802377000000003,-0.20117998,-1
901,902,1566171864588,0.19229999,-0.1317,0.64599997,9.870824,-2.30146,-0.13360603,-1
902,903,1566171864599,0.5374,-0.11449999,0.8156,10.299491999999999,-2.3238122000000003,0.017889475,-1
903,904,1566171864609,0.8727,-0.13769999,0.79039997,10.621511,-2.3494108,-0.27535236,-1
904,905,1566171864619,1.119,-0.1348,0.5218,10.741749,-2.3610563,-0.45845133,-1
905,906,1566171864629,1.2369,-0.1574,0.3069,10.863824000000001,-2.4168412999999997,-0.7616147,-1
906,907,1566171864639,1.3537999,-0.2557,0.0394,10.955886,-2.4548037,-0.97060937,-1
907,908,1566171864649,1.4403,-0.2843,-0.1779,10.964228,-2.4714673,-1.2716563,-1
908,909,1566171864660,1.4279,-0.3514,-0.38349998,10.914294,-2.5309967999999996,-1.4115543,-1
909,910,1566171864670,1.3462,-0.45709997,-0.49989998,10.814877000000001,-2.5925086,-1.5953811000000002,-1
910,911,1566171864680,1.2835,-0.5222,-0.5893,10.8181715,-2.532673,-1.7047482,-1
911,912,1566171864690,1.2499,-0.4468,-0.6642,10.666992,-2.3636613,-1.7565875,-1
912,913,1566171864700,1.0784999,-0.3881,-0.61079997,10.464049000000001,-2.24398,-1.8733001,-1
913,914,1566171864711,0.76839995,-0.3358,-0.7697,10.075845,-2.0876193,-2.0651426,-1
914,915,1566171864721,0.44739997,-0.22919999,-0.8286,9.747025500000001,-1.8278198,-2.0740108,-1
915,916,1566171864731,0.1748,-0.0747,-0.759,9.567105,-1.6730394,-2.1056237,-1
916,917,1566171864741,-0.0689,0.070599996,-0.8271,9.285173,-1.3301418999999999,-2.5266395,-1
917,918,1566171864751,-0.30339998,0.287,-1.1614,9.125318,-1.0975596,-2.9879252999999997,-1
918,919,1566171864761,-0.68649995,0.6967,-2.1871,8.92453,-0.7840914999999999,-3.5465405,-1
919,920,1566171864772,-0.68649995,0.6967,-2.1871,8.767394,-0.55262005,-3.6283362,-1
920,921,1566171864782,-1.3658,1.1049,-2.2294,8.271833,-0.23979367,-3.5691226,-1
921,922,1566171864792,-1.3658,1.1049,-2.2294,7.540567,-0.16134048,-3.5752616,-1
922,923,1566171864802,-2.5757,1.0546,-2.3146,7.077653,-0.16634914,-3.6095655,-1
923,924,1566171864812,-3.195,0.9227,-2.0853999,6.3896265,-0.25357470000000004,-3.2405424,-1
924,925,1566171864822,-3.195,0.9227,-2.0853999,6.13134,-0.32288206,-2.6298964,-1
925,926,1566171864832,-3.7449,0.6027,-0.58059996,5.939066400000001,-0.518134,-1.5415117,-1
926,927,1566171864843,-3.7449,0.6027,-0.58059996,5.958881,-0.63001025,-0.5735645,-1
927,928,1566171864853,-3.5937997999999998,0.32009998,1.2286999,6.126293,-0.7954974,0.3215317,-1
928,929,1566171864863,-3.3443,0.20979999,1.3576,6.363884,-0.9213176,0.45083776,-1
929,930,1566171864873,-3.0440998,0.17979999,1.4214,6.7751600000000005,-1.0202556,0.64326453,-1
930,931,1566171864883,-2.7519,0.15699999,1.4544,6.965949,-1.0618572,0.7360063,-1
931,932,1566171864893,-2.5461,0.079799995,1.5376999,7.208462,-1.2397655,0.9969743000000001,-1
932,933,1566171864904,-2.4562,-0.0919,2.0273,7.2516637,-1.4129333,1.4936466999999998,-1
933,934,1566171864914,-2.3544,-0.3285,2.4649,7.379944999999999,-1.7492898999999997,2.1008067,-1
934,935,1566171864924,-2.0149,-0.53929996,2.7767,7.887171,-2.0213861,2.5714781,-1
935,936,1566171864934,-1.4669,-0.57739997,3.2057,8.329753,-2.1104314,2.9784155,-1
936,937,1566171864944,-0.94629997,-0.6409999999999999,3.7454,8.927710000000001,-2.2631526,3.6692674,-1
937,938,1566171864954,-0.5521,-0.7265,4.1232,9.188161000000001,-2.4039605,3.8709547999999994,-1
938,939,1566171864965,-0.2853,-0.8185,4.1299,9.415256,-2.5972874,3.7333457,-1
939,940,1566171864975,-0.1757,-0.85969996,3.8894,9.491794,-2.6174180000000002,3.4647162000000002,-1
940,941,1566171864985,-0.1452,-0.82089996,3.4843998,9.484075,-2.6661924999999997,2.8973,-1
941,942,1566171864995,-0.1545,-0.7795,3.0593998,9.473588000000001,-2.6334972000000003,2.4954,-1
942,943,1566171865005,-0.0949,-0.67429996,2.7338998,9.57447,-2.557601,2.0932984,-1
943,944,1566171865016,0.033999998,-0.5329,2.5182,9.672421,-2.442057,1.8480556000000001,-1
944,945,1566171865026,0.20349999,-0.45029998,1.9362999,9.828102000000001,-2.3818667000000002,0.8690378000000001,-1
945,946,1566171865036,0.2862,-0.4245,1.1111,9.89785,-2.4149163,-0.17437449,-1
946,947,1566171865046,0.38059998,-0.3186,0.39139998,9.989232000000001,-2.2870276,-0.8158003,-1
947,948,1566171865056,0.4967,-0.124,-0.153,10.062735,-2.168438,-1.2869791000000002,-1
948,949,1566171865066,0.58529997,0.030399999,-0.4944,10.133814,-2.0591953000000003,-1.7342736,-1
949,950,1566171865076,0.6263,0.1041,-0.7238,10.118471000000001,-2.0197008000000003,-2.0559392,-1
950,951,1566171865086,0.6285,0.20369999,-0.9948,10.097316000000001,-1.9512168999999997,-2.584062,-1
951,952,1566171865096,0.6392,0.27899998,-1.62,10.071458,-1.9301096000000002,-3.4604068,-1
952,953,1566171865106,0.6286,0.31939998,-2.1569998,10.004564,-1.8977207999999999,-3.8041089,-1
953,954,1566171865116,0.5385,0.38419998,-2.3263,9.953672000000001,-1.8523936999999997,-3.9343437999999993,-1
954,955,1566171865127,0.5257,0.46629998,-2.2781,9.9425745,-1.7712113,-4.000232,-1
955,956,1566171865137,0.54039997,0.4998,-2.2349,9.958127000000001,-1.7653502,-3.8695470999999997,-1
956,957,1566171865147,0.59169996,0.53569996,-2.0537999,10.005061999999999,-1.7337755000000001,-3.8528163,-1
957,958,1566171865157,0.7186,0.5854,-2.218,10.132808,-1.7004099,-4.244086299999999,-1
958,959,1566171865167,0.81399995,0.6494,-2.5266,10.177866,-1.7097186000000002,-4.478287,-1
959,960,1566171865178,0.7715,0.6371,-2.8802,10.118911,-1.7157615000000002,-4.872401,-1
960,961,1566171865188,0.7181,0.6343,-3.1422,9.997631,-1.8445599999999998,-4.959368700000001,-1
961,962,1566171865198,0.5255,0.49159998,-3.0579998,9.765652000000001,-2.0040139999999997,-4.572906,-1
962,963,1566171865208,0.3408,0.3563,-2.5884,9.505842999999999,-2.263143,-3.8716445,-1
963,964,1566171865218,0.1251,0.161,-2.0579,9.455478999999999,-2.3572545,-3.5636352999999996,-1
964,965,1566171865228,0.065299995,0.083799995,-1.7494999,9.500345,-2.4192736,-3.3330066,-1
965,966,1566171865239,0.17199999,0.057,-1.6814,9.619424,-2.3922193,-3.3664389999999997,-1
966,967,1566171865249,0.3175,0.1389,-1.8535,9.758075999999999,-2.3555784,-3.6332873999999995,-1
967,968,1566171865259,0.3936,0.2003,-2.1187,9.705289,-2.3550804,-3.8647013,-1
968,969,1566171865269,0.3213,0.21959999,-2.3490999,9.495347,-2.3578386,-3.784706,-1
969,970,1566171865279,0.091,0.195,-2.258,9.326708,-2.4301052000000003,-3.60336,-1
970,971,1566171865289,-0.1109,0.1274,-2.0507998,9.202286,-2.524791,-3.2562866,-1
971,972,1566171865299,-0.264,0.0381,-1.6384,9.021199000000001,-2.6424327,-2.557697,-1
972,973,1566171865310,-0.40699998,-0.060599997999999995,-1.0403,8.904753999999999,-2.8340932999999997,-1.706405,-1
973,974,1566171865320,-0.49069998,-0.2649,-0.26999998,8.925181,-2.9607177000000005,-1.1484889999999999,-1
974,975,1566171865330,-0.41689998,-0.44619998,0.2286,9.081187,-3.1008837000000002,-0.6833818,-1
975,976,1566171865340,-0.27399999999999997,-0.47700000000000004,0.4526,9.216183000000001,-3.1516217999999996,-0.38300526,-1
976,977,1566171865350,-0.0915,-0.4962,0.6792,9.443632000000001,-3.1085355,-6.703765000000001e-05,-1
977,978,1566171865361,0.0809,-0.4201,0.9417,9.401034,-3.1054807,0.37300706,-1
978,979,1566171865371,-0.0022,-0.40809998,1.1546,9.205208,-3.0788187999999996,0.6509643,-1
979,980,1566171865381,-0.2427,-0.38189998,1.4379,8.881894,-3.1275072,1.3395078999999999,-1
980,981,1566171865391,-0.53209996,-0.41779998,1.9423,8.670114,-3.1036134,1.8865926,-1
981,982,1566171865401,-0.8707,-0.3477,3.0623,8.545145,-3.0736282000000004,2.6032922000000003,-1
982,983,1566171865412,-0.8707,-0.3477,3.0623,8.563647,-2.939141,2.8670278,-1
983,984,1566171865422,-0.86039996,-0.2087,3.2865,8.608889,-3.0024822,2.5559921,-1
984,985,1566171865432,-0.55,-0.3112,2.5521,8.813736,-3.076549,2.2770197,-1
985,986,1566171865442,-0.13319999,-0.1938,2.3316,9.270808,-2.986939,2.050854,-1
986,987,1566171865452,-0.13319999,-0.1938,2.3316,9.610967,-2.898593,1.7646894,-1
987,988,1566171865462,0.2634,-0.0603,1.9308,9.822107,-2.8258667,1.3286287,-1
988,989,1566171865472,0.45229998,-0.0127,1.3956,9.806238,-2.7776859,0.7744285,-1
989,990,1566171865483,0.14729999,0.06839999599999999,0.70239997,9.555029,-2.7364001,0.38744888,-1
990,991,1566171865493,-0.031799997999999996,0.1059,0.6064,9.314977,-2.6673512,0.2951572,-1
991,992,1566171865503,-0.2701,0.21069999,0.6681,9.144969999999999,-2.572857,0.31484709999999994,-1
992,993,1566171865514,-0.4197,0.23869999,0.5701,8.968353,-2.5198877,0.12887509,-1
993,994,1566171865524,-0.5193,0.25149998,0.29839998,8.895484,-2.5150037,-0.10577583,-1
994,995,1566171865534,-0.44099998,0.23009999,-0.0667,9.013767,-2.5322897,-0.56777054,-1
995,996,1566171865545,-0.19469999,0.28239998,-0.2584,9.3145075,-2.4407547000000003,-0.6638451,-1
996,997,1566171865555,-0.0071,0.36499998,-0.1281,9.427543,-2.3700297000000004,-0.5319629,-1
997,998,1566171865565,0.07279999599999999,0.3988,0.0335,9.462757,-2.3744256,-0.35668817,-1
998,999,1566171865575,-0.0343,0.3714,0.1041,9.342597,-2.4237077,-0.26237577,-1
999,1000,1566171865585,-0.22049999,0.2251,0.34759998,9.173919999999999,-2.6378164,0.014834473999999999,-1
1000,1001,1566171865595,-0.32819998,-0.048,0.5367,9.073507000000001,-2.9579978,0.25191790000000003,-1
1001,1002,1566171865606,-0.2883,-0.2694,0.71209997,9.196942,-3.1279097,0.3410301,-1
1002,1003,1566171865616,-0.0514,-0.52709997,0.7076,9.412737,-3.3822792,0.32742146,-1
1003,1004,1566171865626,0.1955,-0.7737,0.83949995,9.660852,-3.698237,0.6175221,-1
1004,1005,1566171865636,0.413,-1.0705,1.1125,9.877433,-3.916933,0.77050203,-1
1005,1006,1566171865646,0.6297,-1.2624999,1.1257,10.127692999999999,-4.137487,0.8264593000000001,-1
1006,1007,1566171865656,0.8258,-1.4,1.2141,10.305239,-4.2280354,0.8636459999999999,d
1007,1008,1566171865666,1.1379,-1.4453,1.2871,10.695177000000001,-4.2224330000000005,0.9442923000000001,-1
1008,1009,1566171865677,1.5065,-1.3813,1.1743,11.037969,-4.1212926,0.7986386999999999,-1
1009,1010,1566171865687,1.9602,-1.1511999,1.0503,11.514443,-3.8066847000000004,0.6025919,-1
1010,1011,1566171865697,2.1943998,-0.8465,0.8678,11.608584,-3.3635564,0.29496562,-1
1011,1012,1566171865707,2.1007,-0.5965,0.5196,11.403229,-3.1337992999999997,0.017736247,-1
1012,1013,1566171865718,1.7289,-0.36069998,0.24139999,10.955138,-2.7619896,-0.19006132,-1
1013,1014,1566171865728,1.3158,-0.0769,0.10439999400000001,10.66185,-2.4765718,-0.43307278,-1
1014,1015,1566171865739,1.01,0.2608,-0.2564,10.374296000000001,-1.9058613000000002,-0.8135975999999999,-1
1015,1016,1566171865750,0.7439,0.6559,-0.4213,10.097316000000001,-1.3471216000000001,-0.8594993000000001,-1
1016,1017,1566171865760,0.47849998,1.0306,-0.4076,9.817069,-0.97127014,-0.74493194,-1
1017,1018,1566171865770,0.0673,1.3769,-0.243,9.217332,-0.5089498,-0.67513615,-1
1018,1019,1566171865780,-0.4502,1.6276,-0.2026,8.771723,-0.30021375,-0.67667806,-1
1019,1020,1566171865790,-1.0834,1.8153,-0.22999999,8.048464,-0.048113875,-0.8635023999999999,-1
1020,1021,1566171865800,-1.6353999,1.9451,-0.3473,7.5823793,0.16519992,-0.9125356,-1
1021,1022,1566171865811,-2.0369,2.0509,-0.37719998,7.312553,0.12358869,-1.1839998,-1
1022,1023,1566171865821,-2.3267999,1.9393,-0.68399996,7.174417,-0.11829272,-1.4808807,-1
1023,1024,1566171865831,-2.4366999,1.6116999,-1.0547999,7.3293505,-0.51527053,-1.7874056,-1
1024,1025,1566171865841,-1.8527,0.91819996,-0.91859996,7.759664999999999,-0.9659549999999999,-1.5008483999999997,-1
1025,1026,1566171865852,-1.5038999,0.5329999999999999,-0.6382,8.055214999999999,-1.3134303,-1.2773353,-1
1026,1027,1566171865862,-1.5038999,0.5329999999999999,-0.6382,8.390135,-1.7234996999999999,-0.80714285,-1
1027,1028,1566171865872,-1.2134,0.2199,-0.22469999,8.57288,-1.9724582,-0.5233246,-1
1028,1029,1566171865882,-0.8002,-0.19489999,0.10529999400000001,8.79689,-2.1898517999999996,-0.4844715,-1
1029,1030,1566171865892,-0.8002,-0.19489999,0.10529999400000001,8.894546,-2.2208900000000003,-0.6917423,-1
1030,1031,1566171865902,-0.6364,-0.1788,-0.48369998,8.947763,-2.208153,-1.0562356000000002,-1
1031,1032,1566171865913,-0.7231,-0.2483,-0.5578,8.842419,-2.2992764,-1.0687428999999997,-1
1032,1033,1566171865923,-0.7231,-0.2483,-0.5578,8.743127000000001,-2.4407642000000003,-0.90437615,-1
1033,1034,1566171865933,-0.8682,-0.5898,-0.19209999,8.706495,-2.6314,-0.701865,-1
1034,1035,1566171865943,-0.7784,-0.5629,0.0914,8.805414,-2.6199557999999996,-0.47603434,-1
1035,1036,1566171865953,-0.57049996,-0.5341,0.3757,9.045169999999999,-2.5743032,-0.1469944,-1
1036,1037,1566171865963,-0.3234,-0.4168,0.4224,9.258771000000001,-2.4914255,-0.13602896,-1
1037,1038,1566171865974,-0.3234,-0.4168,0.4224,9.415706,-2.314331,-0.28506324,-1
1038,1039,1566171865984,0.0018999999,-0.0117,-0.0363,9.580331,-2.0977802000000003,-0.58112067,-1
1039,1040,1566171865994,-0.0277,0.1468,-0.2244,9.554732000000001,-1.9241145,-0.74651206,-1
1040,1041,1566171866004,-0.1069,0.2245,-0.3042,9.440213,-1.8759624,-0.82532924,-1
1041,1042,1566171866014,-0.2057,0.1059,-0.26479998,9.342385,-1.9902233,-0.73731834,-1
1042,1043,1566171866024,-0.3333,-0.0795,0.0143,9.24521,-2.1644063,-0.49282247,d
1043,1044,1566171866035,-0.3814,-0.3008,0.38599998,9.207478,-2.455685,-0.12706508,-1
1044,1045,1566171866045,-0.2227,-0.4597,0.5646,9.527352,-2.626439,0.08652645,-1
1045,1046,1566171866055,0.162,-0.4497,0.6171,9.812913,-2.5471432000000003,0.13601939999999998,-1
1046,1047,1566171866065,0.46799999999999997,-0.38189998,0.5888,10.159939,-2.4618043999999997,0.017822437,-1
1047,1048,1566171866075,0.7335,-0.2701,0.3886,10.331728,-2.3816464,-0.17663462,-1
1048,1049,1566171866085,0.752,-0.1751,0.1559,10.318722,-2.2067069999999998,-0.4511825,-1
1049,1050,1566171866095,0.65139997,-0.037699997,-0.1269,10.179955,-2.1351009999999997,-0.6763906999999999,-1
1050,1051,1566171866105,0.44169998,0.0449,-0.2728,9.935439,-1.993623,-0.7438975999999999,-1
1051,1052,1566171866115,0.2214,0.1529,-0.21959999,9.7280245,-1.8993968999999997,-0.659095,-1
1052,1053,1566171866125,-0.1069,0.22899999,-0.074499995,9.370828999999999,-1.7795526000000002,-0.44626963,-1
1053,1054,1566171866135,-0.36659998,0.34379998,0.1423,9.187595,-1.6660099999999998,-0.28409597,-1
1054,1055,1566171866146,-0.5572,0.47939998,0.4102,8.956,-1.4574846000000001,0.018962078,-1
1055,1056,1566171866156,-0.74729997,0.6275,0.618,8.81391,-1.3166768999999998,0.20070115,-1
1056,1057,1566171866166,-0.97599995,0.7107,0.655,8.55771,-1.2420926,0.15760551,-1
1057,1058,1566171866176,-1.204,0.7098,0.581,8.367429,-1.2394016,0.08169016,-1
1058,1059,1566171866186,-1.4309,0.7144,0.4967,8.089853999999999,-1.2481931,0.02944868,-1
1059,1060,1566171866196,-1.6367999,0.6178,0.4024,7.9411073000000005,-1.3672998,-0.071059905,-1
1060,1061,1566171866207,-1.8414999,0.31239998,0.23699999,7.7440166,-1.7794759999999998,-0.23607786,-1
1061,1062,1566171866217,-1.9271,0.0132,0.3372,7.6884613,-2.0658896,0.042281599999999996,-1
1062,1063,1566171866227,-1.8936,-0.093399994,0.5291,7.7260313,-2.1468422,0.1706204,-1
1063,1064,1566171866237,-1.8392998999999999,-0.1762,0.77309996,7.751544,-2.2506263,0.5562592,-1
1064,1065,1566171866247,-1.8325,-0.2135,1.0422,7.733674000000001,-2.2770773999999996,0.6636248,-1
1065,1066,1566171866257,-1.8768,-0.1734,1.1079999,7.6495795,-2.266677,0.6346454,-1
1066,1067,1566171866267,-1.9786999,-0.1494,1.0634,7.4957285,-2.3272312000000004,0.5865986,-1
1067,1068,1566171866278,-2.1785997999999998,-0.24479999,1.0868,7.3126197,-2.4253742999999996,0.72704244,-1
1068,1069,1566171866288,-2.2702,-0.2821,1.2375,7.259506699999999,-2.4388772999999997,0.8118354999999999,-1
1069,1070,1566171866298,-2.3214,-0.2478,1.4237,7.185554499999999,-2.4798758,1.0512652,-1
1070,1071,1566171866308,-2.3906,-0.2968,1.7893,7.1704425999999994,-2.5789382,1.355166,-1
1071,1072,1566171866318,-2.3402,-0.4078,1.9104999,7.3526697,-2.6987536,0.8357775,-1
1072,1073,1566171866328,-2.062,-0.4125,1.1976,7.661167599999999,-2.7031112,0.19706196,-1
1073,1074,1566171866338,-1.4868,-0.3211,0.3831,8.407277,-2.6365043999999997,-0.8514643,-1
1074,1075,1566171866349,-0.7224,-0.1857,-0.45679998,9.368157,-2.3697042,-1.7848392,-1
1075,1076,1566171866359,0.092999995,0.1162,-1.0368998999999999,9.982902000000001,-2.1994382999999997,-2.0733786,-1
1076,1077,1566171866369,0.76159996,0.4021,-1.2458,10.578981,-2.0525875,-2.3733625,-1
1077,1078,1566171866379,1.2027,0.5001,-1.3771,10.799764999999999,-1.9823415,-2.5245516,-1
1078,1079,1566171866389,1.4932,0.5954,-1.5064,10.974044000000001,-1.9509106,-2.7103226,-1
1079,1080,1566171866400,1.5839,0.6209,-1.6762999,10.991665,-1.9231377,-2.9458928,-1
1080,1081,1566171866410,1.5744,0.6897,-1.7953,10.928075,-1.9279932,-3.2360797000000003,-1
1081,1082,1566171866420,1.5344,0.6389,-1.9799,10.856747,-2.0491495,-3.475538,-1
1082,1083,1566171866430,1.4547,0.5399,-2.1812,10.774521,-2.1668196,-3.5306525,-1
1083,1084,1566171866440,1.4043,0.4244,-2.1657,10.699763,-2.2512872,-3.622092,-1
1084,1085,1566171866450,1.3727,0.3024,-2.2705998,10.787133,-2.4199154,-3.7694983,-1
1085,1086,1566171866461,1.4577,0.2227,-2.3202999,10.869408,-2.3995073,-3.6059167000000003,-1
1086,1087,1566171866471,1.5216,0.2719,-2.2061,10.733982000000001,-2.5733743,-3.597556,-1
1087,1088,1566171866481,1.3579999,0.0858,-2.2724,10.512442,-2.6924427000000004,-4.0807443,-1
1088,1089,1566171866492,1.1726999,0.017199999,-2.7359998,10.27645,-2.774851,-4.4184513,-1
1089,1090,1566171866502,0.8781,-0.0711,-3.1416,9.962599,-2.9872646,-4.379761,-1
1090,1091,1566171866512,0.6217,-0.22989999,-3.1213,9.770776,-3.0836360000000003,-4.2519007,-1
1091,1092,1566171866522,0.39409998,-0.34129998,-3.0063,9.5132265,-3.203691,-3.88352,-1
1092,1093,1566171866532,-0.13239999,-0.5534,-2.0588999,9.190507,-3.3841273999999997,-3.0283396000000002,-1
1093,1094,1566171866543,-0.23539999,-0.617,-1.2828,9.121889999999999,-3.4141126,-2.3231897,-1
1094,1095,1566171866553,-0.1634,-0.606,-0.6012,9.220271,-3.3667839,-1.4219548,-1
1095,1096,1566171866563,0.024999999,-0.461,0.3094,9.393688000000001,-3.2490275,-0.6025057,-1
1096,1097,1566171866573,0.0656,-0.309,0.91999996,9.406033500000001,-3.0975610000000002,0.21517170000000002,-1
1097,1098,1566171866583,-0.1397,-0.40469998,1.2669,9.243199,-3.1795285,0.53995955,-1
1098,1099,1566171866594,-0.39339998,-0.51,1.6014999,8.95802,-3.3018818,1.0771418,-1
1099,1100,1566171866604,-0.5568,-0.5923,2.2841,8.841422999999999,-3.3809671000000003,2.062059,-1
1100,1101,1566171866614,-0.4524,-0.5992,3.0414999,8.994748,-3.3954282,2.7069417999999996,-1
1101,1102,1566171866624,-0.1195,-0.6286,3.9308,9.281822,-3.4098413,3.5240063999999998,-1
1102,1103,1566171866634,0.34309998,-0.5739,4.7471,9.846634,-3.3576667000000002,4.4999213,-1
1103,1104,1566171866645,0.7973,-0.4878,4.8336,10.337263,-3.2549362,4.41035,-1
1104,1105,1566171866655,1.0453,-0.3752,4.3573,10.461022999999999,-3.2043614,4.0429926,-1
1105,1106,1566171866665,1.0365,-0.3002,3.8458997999999998,10.367467999999999,-3.121522,3.4082036,-1
1106,1107,1566171866675,0.9072,-0.2852,3.1179,10.263579,-3.09871,2.7660403,-1
1107,1108,1566171866685,0.7457,-0.2611,2.5781,10.040478,-3.0802076,2.3928993,-1
1108,1109,1566171866695,0.54289997,-0.28509998,2.7595,9.917339,-3.0479912999999996,2.620607,-1
1109,1110,1566171866706,0.5448,-0.22739999,2.9133,9.965607,-2.991268,2.678039,-1
1110,1111,1566171866716,0.5855,-0.1442,2.9696999,10.058377,-2.8385274,2.6702054,-1
1111,1112,1566171866726,0.67509997,0.014699998999999998,2.8751,10.100083999999999,-2.5739297999999997,2.3165337999999998,-1
1112,1113,1566171866736,0.63729995,0.1525,2.3667,10.079695,-2.3969598,1.4649450000000002,-1
1113,1114,1566171866746,0.63839996,0.28869998,1.5067999,10.081543,-2.237372,0.6497289,-1
1114,1115,1566171866756,0.7079,0.4933,0.4878,10.230386,-1.9441493000000003,-0.66547316,-1
1115,1116,1566171866767,0.7671,0.71739995,-0.4757,10.206453,-1.6876631999999998,-1.3051655,-1
1116,1117,1566171866777,0.6196,0.93899995,-0.92579997,10.0531,-1.4601375,-1.5346642,-1
1117,1118,1566171866787,0.5008,1.0785999,-0.9841,9.923372,-1.2622135,-1.59744,-1
1118,1119,1566171866797,0.34239998,1.2742,-1.2188,9.765958,-0.9875315999999998,-2.1392765,-1
1119,1120,1566171866808,0.2034,1.4383999,-1.7675999,9.612681,-0.8204259,-2.5903058,-1
1120,1121,1566171866818,-0.0827,1.6199,-2.1487,9.209709,-0.59893346,-2.7861326,-1
1121,1122,1566171866828,-0.5356,1.6323999,-1.9781,8.446083,-0.8395604,-2.3013833,-1
1122,1123,1566171866838,-1.2529,1.2528,-1.4835,7.800357000000001,-1.2201427,-1.885319,-1
1123,1124,1566171866848,-2.0274,0.7323,-0.9431,7.171754400000001,-1.7018943,-1.3572346000000002,-1
1124,1125,1566171866859,-2.4364,0.3418,-0.54289997,7.071428,-1.9049896000000002,-1.2325542,-1
1125,1126,1566171866868,-2.4796,0.0839,-0.4524,7.148837599999999,-2.0244603,-1.257722,-1
1126,1127,1566171866878,-2.2851,-0.0224,-0.657,7.494693799999999,-2.1390757999999996,-1.6264195,-1
1127,1128,1566171866889,-1.9714999,-0.069299996,-0.96999997,7.711550999999999,-2.1284549999999998,-1.7233273,-1
1128,1129,1566171866899,-1.8039999,-0.012499999,-1.0207,7.7214537,-2.036824,-1.7626113,-1
1129,1130,1566171866909,-1.9305999,0.064399995,-1.0128,7.513789999999999,-1.9774477,-1.6825396000000001,-1
1130,1131,1566171866920,-2.2633997999999997,0.1201,-0.8279,6.983417,-1.9425595000000002,-1.3980798,-1
1131,1132,1566171866930,-2.7726,0.116799995,-0.602,6.4491366999999995,-2.0961618000000004,-1.1621647,-1
1132,1133,1566171866940,-3.1929,-0.0308,-0.42389998,6.1164955999999995,-2.4062207000000004,-0.68244326,-1
1133,1134,1566171866950,-3.444,-0.29549998,0.0009,6.227807,-2.5103682999999997,-0.42335233,-1
1134,1135,1566171866960,-3.2528,-0.36089998,0.28219998,6.576728299999999,-2.4945762000000005,-0.36715559999999997,-1
1135,1136,1566171866971,-2.7533998,-0.3102,0.3096,7.154813000000001,-2.49019,-0.32574552,-1
1136,1137,1566171866981,-2.2517,-0.24129999,0.3205,7.554060499999999,-2.538687,-0.6261029,-1
1137,1138,1566171866991,-1.9745,-0.2582,0.0576,7.619633,-2.6610692000000005,-0.75997704,-1
1138,1139,1566171867001,-1.8312,-0.4123,0.031799997999999996,7.6668944,-2.7873297000000004,-0.6648124,-1
1139,1140,1566171867013,-1.8312,-0.4123,0.031799997999999996,7.7536607,-2.9081697,-0.5881404,-1
1140,1141,1566171867023,-1.6465,-0.5767,0.3259,7.829365299999999,-3.0608144,-0.3929747,-1
1141,1142,1566171867033,-1.5134,-0.6015,0.4201,8.004113,-3.164589,-0.33176932,-1
1142,1143,1566171867043,-1.2222998999999999,-0.6622,0.4351,8.223106,-3.2487786,-0.32398337,-1
1143,1144,1566171867053,-0.7337,-0.6318,0.5097,8.801238,-3.2847106,-0.30432220000000004,-1
1144,1145,1566171867064,-0.1655,-0.4915,0.3398,9.238669,-3.2002337000000005,-0.4534235,-1
1145,1146,1566171867074,0.31469998,-0.4298,0.2981,9.757684,-3.211132,-0.51898634,-1
1146,1147,1566171867084,0.6081,-0.4603,0.14,9.9773855,-3.302744,-0.68110245,-1
1147,1148,1566171867094,0.6949,-0.47529998,0.0026999997999999996,10.074513,-3.3525720000000003,-0.8444636999999999,-1
1148,1149,1566171867104,0.77089995,-0.4847,0.012399998999999998,10.095783,-3.4265239999999997,-0.8532169,-1
1149,1150,1566171867114,0.9633,-0.3416,0.1382,10.32056,-3.3130772000000004,-0.6962913000000001,-1
1150,1151,1566171867125,1.2818999,-0.22209999,0.261,10.714780000000001,-3.1641865,-0.5729229,-1
1151,1152,1566171867135,1.5892998999999999,0.0011,0.4391,10.91008,-3.0158992000000002,-0.43427944,-1
1152,1153,1566171867145,1.7678,0.1519,0.42769998,11.072445,-2.9718937999999997,-0.6081751,-1
1153,1154,1566171867155,1.8764,0.084199995,-0.0683,11.150793,-3.0590332,-1.1086303,-1
1154,1155,1566171867165,2.024,0.1432,-0.5463,11.339103,-2.9566187999999998,-1.5809296,-1
1155,1156,1566171867176,2.1518,0.2694,-0.7173,11.398124000000001,-2.9013223999999997,-1.6615951,-1
1156,1157,1566171867186,2.161,0.38239998,-0.6231,11.342914,-2.8011394,-1.4441155,-1
1157,1158,1566171867196,1.9719,0.4306,-0.17600000000000002,11.01169,-2.7950199000000002,-0.86283195,-1
1158,1159,1566171867206,1.604,0.4227,0.2023,10.663065,-2.8143554,-0.66311723,-1
1159,1160,1566171867216,1.1556,0.3712,0.3312,10.11127,-2.9309432999999996,-0.6413013000000001,-1
1160,1161,1566171867227,0.71599996,0.23969999,0.2499,9.809178,-3.0758118999999997,-0.69653076,-1
1161,1162,1566171867237,0.502,0.1184,0.2163,9.714732000000001,-3.1292503,-0.76378864,-1
1162,1163,1566171867247,0.4948,0.14649999,0.1831,9.701248,-3.1055956,-0.75857884,-1
1163,1164,1566171867257,0.4587,0.11669999,0.1608,9.604197000000001,-3.2586615,-0.6860729,-1
1164,1165,1566171867267,0.3241,0.0074,0.3053,9.446294,-3.2959347,-0.6371354,-1
1165,1166,1566171867278,0.16939999,-0.015199998999999999,0.2935,9.292634,-3.362024,-0.5788509,-1
1166,1167,1566171867288,0.0435,-0.0592,0.4094,9.267725,-3.3284480000000003,-0.46331635,-1
1167,1168,1566171867298,0.074499995,-0.0058,0.4973,9.295038,-3.3216007000000003,-0.43505517,-1
1168,1169,1566171867308,0.1239,-0.0143,0.5363,9.307755,-3.2744155,-0.26450184,-1
1169,1170,1566171867318,0.103999995,0.0429,0.6659,9.300889999999999,-3.171666,-0.34513855,-1
1170,1171,1566171867328,0.0929,0.166,0.48200000000000004,9.172129,-3.0535362,-0.6988579,-1
1171,1172,1566171867341,-0.0563,0.25779998,0.1595,8.978621,-2.935253,-1.0806468999999999,-1
1172,1173,1566171867351,-0.2254,0.3491,-0.14479999,8.871101,-2.9319490000000004,-1.0999633,-1
1173,1174,1566171867362,-0.34719998,0.43739998,-0.22,8.863642,-2.8283856,-1.1465641000000002,-1
1174,1175,1566171867372,-0.34719998,0.43739998,-0.22,8.891414,-2.7372334,-1.0472046999999998,-1
1175,1176,1566171867382,-0.3096,0.48319998,0.2166,8.904342999999999,-2.7853088,-0.7006583000000001,-1
1176,1177,1566171867392,-0.3491,0.3153,0.3452,8.865423,-2.9769982999999995,-0.56239796,-1
1177,1178,1566171867402,-0.4078,0.16759999,0.4279,8.802025,-3.098432,-0.5070345,-1
1178,1179,1566171867412,-0.5147,-0.018099999,0.445,8.686154,-3.3071492,-0.5045828,-1
1179,1180,1566171867423,-0.4935,-0.182,0.4411,8.721817999999999,-3.4480526,-0.49849194,-1
1180,1181,1566171867433,-0.2853,-0.35259998,0.3551,8.988379,-3.6450187999999994,-0.6085486,-1
1181,1182,1566171867443,-0.0369,-0.4712,0.31579998,9.16805,-3.755832,-0.62512606,-1
1182,1183,1566171867453,-0.0369,-0.4712,0.31579998,9.567632000000001,-3.8584763999999994,-0.66942835,-1
1183,1184,1566171867463,1.3136,-0.72389996,0.0637,10.509243,-4.026176,-0.8768046,-1
1184,1185,1566171867473,2.0116,-0.7765,0.117699996,11.080605,-4.065728,-0.8223125,-1
1185,1186,1566171867484,2.5686,-0.89779997,0.11009999,11.767118,-4.2115827,-0.811462,-1
1186,1187,1566171867494,2.7868,-0.8861,0.1099,12.02868,-4.178964,-0.7682611,-1
1187,1188,1566171867504,2.8327,-0.8307,0.1364,12.050668,-4.087276,-0.75928754,-1
1188,1189,1566171867514,2.6871998,-0.8095,0.1214,11.890506,-3.9917376000000004,-0.78030866,d
1189,1190,1566171867524,2.5279,-0.79029995,0.065,11.749592999999999,-3.8699779999999997,-0.74791986,-1
1190,1191,1566171867534,2.4541,-0.6823,0.104499996,11.740734,-3.7052187999999995,-0.7339952,-1
1191,1192,1566171867545,2.4663,-0.44489998,-0.0264,11.771007,-3.3113246,-0.92547387,-1
1192,1193,1566171867555,2.3295999,-0.1557,-0.20109999,11.656142,-3.0003848,-1.001121,-1
1193,1194,1566171867565,2.0737,0.1556,-0.21169999,11.358858999999999,-2.506279,-1.0015711999999999,-1
1194,1195,1566171867575,1.8263999,0.55799997,-0.32369998,11.166586,-2.0640794999999996,-1.0519452,-1
1195,1196,1566171867586,1.4808999,1.0935999,-0.46789998,10.743147,-1.3295194,-1.2839817,-1
1196,1197,1566171867596,0.93979996,1.6264,-0.7901,10.262055,-0.8102936,-1.5224538,-1
1197,1198,1566171867606,0.105799995,2.0212998,-1.1697,9.600375,-0.39643192,-1.7992234,-1
1198,1199,1566171867616,-0.8828,2.1726,-1.5619999,8.490366,-0.11746911,-2.1704588,-1
1199,1200,1566171867626,-1.7795999,2.2519,-1.4201,7.4543567,0.08476432,-1.898305,-1
1200,1201,1566171867636,-2.6128,2.1577,-1.0677,6.4837184,-0.11945151,-1.3705368999999998,-1
1201,1202,1566171867646,-3.3258,1.7840999,-0.5683,6.2626953,-0.27640578,-1.1571368,-1
1202,1203,1566171867656,-3.7544,1.1214,0.117699996,5.812058400000001,-1.0388249,-0.33583945,-1
1203,1204,1566171867666,-3.7675998,0.4836,0.8657,5.941317,-1.736773,0.5785541000000001,-1
1204,1205,1566171867676,-3.3256997999999998,-0.005699999599999999,1.4409999999999998,6.674556,-2.1437395,1.0548086,-1
1205,1206,1566171867687,-2.6655,-0.18509999,1.6904,7.229052499999999,-2.2093215,1.0699782,-1
1206,1207,1566171867697,-1.9945998999999999,-0.20879999,1.4729999,7.8774023,-2.3568425,0.60571384,-1
1207,1208,1566171867707,-1.5785999,-0.3676,0.8937,8.126437,-2.5215349999999996,-0.038910564,-1
1208,1209,1566171867717,-1.3984,-0.52889997,0.069,8.175529,-2.6992326,-0.8986205,-1
1209,1210,1566171867727,-1.3852999,-0.6946,-0.5632,8.228354,-2.9067047,-1.1360104,-1
1210,1211,1566171867737,-1.2846999,-0.8265,-0.5599,8.332386999999999,-3.0874952999999996,-0.8517421000000001,-1
1211,1212,1566171867747,-1.1653,-0.9335,-0.1997,8.510956,-3.0970051,-0.41588240000000004,-1
1212,1213,1566171867758,-0.89959997,-0.8685,0.41709998,8.818697,-2.8889970000000003,0.31367874,-1
1213,1214,1566171867768,-0.6936,-0.6314,0.9594,8.908767,-2.6850204,0.6892428,-1
1214,1215,1566171867778,-0.6749,-0.39909998,1.2682999,8.8474655,-2.4244835,0.7917145999999999,-1
1215,1216,1566171867788,-0.86319995,-0.26909998,1.0746,8.601600999999999,-2.4007522999999997,0.39187336,-1
1216,1217,1566171867798,-1.2287999,-0.3078,0.4132,8.154297,-2.4542866,-0.32411745,-1
1217,1218,1566171867808,-1.4957,-0.373,0.0052,8.162121,-2.5657032,-0.5339261,-1
1218,1219,1566171867819,-1.3686999,-0.4222,-0.1152,8.484964,-2.4830265,-0.4144459,-1
1219,1220,1566171867829,-0.85749996,-0.2877,0.191,9.140334,-2.2322676,0.18636465,-1
1220,1221,1566171867839,-0.3157,-0.0413,0.60249996,9.5369005,-2.117882,0.27970982,-1
1221,1222,1566171867849,0.0493,0.037000000000000005,0.5846,9.696029,-2.0789046,0.06097553,-1
1222,1223,1566171867860,0.1095,0.1116,0.4001,9.618446,-2.0914693,-0.09414001,-1
1223,1224,1566171867870,0.012,0.0345,0.19849999,9.441027,-2.2252765,-0.44154826,-1
1224,1225,1566171867880,-0.1452,-0.0852,-0.0815,9.379112,-2.2859457,-0.54031384,d
1225,1226,1566171867890,-0.19479999,-0.1475,-0.10759999599999999,9.404845,-2.3296063,-0.25210944,-1
1226,1227,1566171867901,-0.156,-0.1502,0.2591,9.506197,-2.3215616000000003,0.011702858,-1
1227,1228,1566171867911,0.0007,-0.1705,0.4473,9.646507000000001,-2.3551474,-0.008734048000000001,-1
1228,1229,1566171867921,0.108799994,-0.18879999,0.3872,9.70435,-2.4040658,-0.20875524,-1
1229,1230,1566171867932,0.13849999,-0.2557,0.20729999,9.689766,-2.4203080000000003,-0.3795863,-1
1230,1231,1566171867942,0.0995,-0.27399999999999997,0.029199999,9.690455,-2.413882,-0.40076062,-1
1231,1232,1566171867952,0.3148,-0.1584,0.1094,9.915558,-2.2947273,-0.28085902,-1
1232,1233,1566171867963,0.6081,0.052199997000000005,0.17199999,10.179705,-2.1061888,-0.24350946,-1
1233,1234,1566171867973,0.6081,0.052199997000000005,0.17199999,10.34163,-1.9111476000000003,-0.2756971,-1
1234,1235,1566171867983,0.6419,0.43879998,-0.1761,10.217189,-1.6909288,-0.5996135,-1
1235,1236,1566171867993,0.30339998,0.5336,-0.1753,9.8214655,-1.5447007,-0.5965010000000001,-1
1236,1237,1566171868004,-0.0554,0.6139,-0.1245,9.533730499999999,-1.4560386,-0.55255306,-1
1237,1238,1566171868014,-0.5027,0.7621,0.0534,9.010885,-1.2838188,-0.2873138,-1
1238,1239,1566171868024,-0.9395,0.77639997,0.3284,8.659177,-1.2479056999999998,-0.10517249,-1
1239,1240,1566171868034,-1.2965,0.68869996,0.43539998,8.253024,-1.3348057,0.064566836,-1
1240,1241,1566171868044,-1.4846,0.6308,0.5836,8.120022,-1.3663326999999998,0.17266983,-1
1241,1242,1566171868055,-1.4351,0.59279996,0.6281,8.160167,-1.4270113000000002,0.21027796,-1
1242,1243,1566171868065,-1.3445,0.46499997,0.6853,8.34296,-1.5723488,0.31347764,-1
1243,1244,1566171868075,-1.1446999,0.4213,0.89199996,8.474794000000001,-1.5802208999999998,0.5104342000000001,-1
1244,1245,1566171868085,-1.0918,0.4082,1.0789,8.492253,-1.6476226000000003,0.6714874,-1
1245,1246,1566171868096,-1.1766,0.3931,1.0677999,8.365494,-1.6726755000000002,0.56895804,-1
1246,1247,1566171868106,-1.5466,0.31579998,0.8786,8.044096000000001,-1.7489546999999999,0.42323738,-1
1247,1248,1566171868116,-1.956,0.1881,0.6616,7.548161500000001,-1.9060335,0.17438407,-1
1248,1249,1566171868126,-2.3062,-0.0369,0.6056,7.1604924,-2.2473607,0.10287406,-1
1249,1250,1566171868136,-2.4982,-0.22839999,0.72249997,7.0974674,-2.3867414,0.3875638,-1
1250,1251,1566171868147,-2.4334,-0.2965,0.956,7.2098512999999995,-2.4774816000000004,0.5020641,-1
1251,1252,1566171868157,-2.2001998,-0.31059998,1.1204,7.425061,-2.4278066000000003,0.56640106,-1
1252,1253,1566171868167,-2.083,-0.27199998,0.98969996,7.444588,-2.4659991000000003,0.27563965,-1
1253,1254,1566171868178,-2.2099,-0.3593,0.82549995,7.2479477,-2.602296,0.12163503,-1
1254,1255,1566171868187,-2.3458,-0.4261,0.7421,7.1695614,-2.7026324,-0.07487147,-1
1255,1256,1566171868197,-2.3532999,-0.4025,0.58989996,7.1664295,-2.6072857000000003,-0.26405174,-1
1256,1257,1566171868207,-2.3302999,-0.2593,0.5484,7.172625999999999,-2.5223105,-0.28961220000000004,-1
1257,1258,1566171868217,-2.3453999,-0.1933,0.50949997,7.085487,-2.5796947,-0.47252923,-1
1258,1259,1566171868228,-2.4184,-0.26299998,0.42279997,7.091912700000001,-2.6875298,-0.5879968000000001,-1
1259,1260,1566171868238,-2.2245998,-0.33769998,0.2787,7.5030546000000005,-2.766998,-0.8399530000000001,-1
1260,1261,1566171868248,-1.6846,-0.2865,0.1261,7.9812727,-2.700717,-1.0954621999999998,-1
1261,1262,1566171868258,-0.9848,-0.079399996,-0.18429999,8.916505,-2.4680676,-1.6218801999999999,-1
1262,1263,1566171868268,-0.1648,0.22309999,-0.5861,9.492080999999999,-2.2788491,-2.0224109,-1
1263,1264,1566171868278,0.49899998,0.5179,-1.0900999,10.104460000000001,-2.110259,-2.6651964,-1
1264,1265,1566171868288,0.8487,0.60429996,-1.5408,10.258091,-2.3045150000000003,-3.2622912,-1
1265,1266,1566171868298,0.91209996,0.42049998,-1.9886999,10.203743,-2.4401705000000002,-3.4457352,-1
1266,1267,1566171868308,0.7977,0.1832,-2.3615,10.064582000000001,-2.8016374,-3.8448867999999994,-1
1267,1268,1566171868318,0.79029995,-0.077,-2.5019,10.181582,-3.1277373,-3.8239136,-1
1268,1269,1566171868328,1.0666,-0.22109999,-2.2055,10.513007,-3.1777184,-3.4402475,-1
1269,1270,1566171868338,1.5383999,-0.1504,-1.6692,10.986225,-3.1423228,-3.0049243,-1
1270,1271,1566171868349,1.8254,-0.111499995,-1.484,11.126986,-3.2614388,-2.9333282000000005,-1
1271,1272,1566171868359,1.9361999,-0.1832,-1.4013,11.127732,-3.3734684,-2.9117515,-1
1272,1273,1566171868369,1.9505999,-0.25849998,-1.3914,11.095104,-3.5120737999999996,-2.9813845000000003,-1
1273,1274,1566171868379,1.9248999,-0.35529998,-1.5412999,11.076899000000001,-3.5938980000000003,-3.1377354,-1
1274,1275,1566171868389,1.8878,-0.37649998,-1.5287,11.028316,-3.6264684000000003,-2.9338741,-1
1275,1276,1566171868400,1.8292999,-0.42209998,-1.2731,10.948445,-3.6861129999999998,-2.6655989,-1
1276,1277,1566171868410,1.8264999,-0.38439998,-1.1931,11.035938,-3.5919440000000002,-2.688813,-1
1277,1278,1566171868420,1.8987,-0.2826,-1.2434,11.024131,-3.6003718,-2.792932,-1
1278,1279,1566171868430,1.8299999,-0.3646,-1.4972999,10.813067,-3.776681,-2.9135137,-1
1279,1280,1566171868440,1.6603999,-0.4251,-1.5263,10.703911,-3.7424053999999995,-2.6703297999999998,-1
1280,1281,1566171868450,1.5577999,-0.40399998,-1.3350999,10.663171,-3.6473459999999998,-2.394604,-1
1281,1282,1566171868461,1.4828999,-0.33049998,-1.0131,10.402367,-3.5412254,-1.7288244,-1
1282,1283,1566171868471,1.2494,-0.2227,-0.4561,10.160561999999999,-3.4921827000000003,-1.2000792,-1
1283,1284,1566171868481,0.9755,-0.1471,0.1478,9.947716999999999,-3.2691004,-0.6470378000000001,-1
1284,1285,1566171868491,0.7697,0.15259999,0.5731,9.964849000000001,-3.1292791,-0.58596647,-1
1285,1286,1566171868502,0.8976,0.28059998,0.75839996,10.090803999999999,-2.9937959,-0.33774525,-1
1286,1287,1566171868512,0.8976,0.28059998,0.75839996,10.2940235,-2.8822357999999997,-0.35099953,-1
1287,1288,1566171868522,1.1435,0.4288,0.6475,10.511944,-2.6991081,-0.49124232,-1
1288,1289,1566171868532,1.2904999,0.5337,0.58779997,10.500069,-2.7237299999999998,-0.1993987,-1
1289,1290,1566171868542,1.1529,0.498,1.2283,10.389667,-2.7208952999999996,0.3459813,-1
1290,1291,1566171868553,0.937,0.48959997,1.8661,10.115732000000001,-2.7309412999999996,1.190579,-1
1291,1292,1566171868563,0.937,0.48959997,1.8661,10.037164,-2.7566838,1.3793284,-1
1292,1293,1566171868573,0.37829998,0.29389998,2.7883,9.594284,-2.9083803,2.0291721999999996,-1
1293,1294,1566171868583,0.1048,0.0993,2.8546999,9.3725815,-3.0454724,2.1188397,-1
1294,1295,1566171868593,-0.0501,-0.094399996,3.0061998,9.223844,-3.2195406,2.3463175,-1
1295,1296,1566171868603,-0.1554,-0.1416,3.0777,9.1349325,-3.2501001,2.3774903,-1
1296,1297,1566171868614,-0.3392,-0.1414,2.9387999,8.913584,-3.258882,2.2131138,-1
1297,1298,1566171868624,-0.6515,-0.2528,2.7252,8.650672,-3.33225,2.0584197,-1
1298,1299,1566171868634,-0.99359995,-0.26899999999999996,2.4977,8.2594595,-3.3013551,1.7508223000000003,-1
1299,1300,1566171868644,-1.1981,-0.1881,2.0904,8.119638,-3.203777,1.4101082,-1
1300,1301,1566171868655,-1.412,-0.0685,1.6618998999999999,7.873409,-3.020707,0.9511493000000001,-1
1301,1302,1566171868664,-1.6545,0.14829999,1.5978999,7.680139,-2.8135988999999997,0.88262725,-1
1302,1303,1566171868674,-1.9354,0.2771,1.6681,7.3527083,-2.629638,0.9325894,-1
1303,1304,1566171868684,-2.2542999,0.37899998,1.7430999,7.0880529999999995,-2.5365992000000004,0.96078354,-1
1304,1305,1566171868694,-2.2542999,0.37899998,1.7430999,6.839123700000001,-2.4940398,0.9441774,-1
1305,1306,1566171868704,-2.8555,0.24769999,1.3831999,6.490508,-2.6257403,0.52360237,-1
1306,1307,1566171868715,-3.0386,0.15689999,0.7977,6.3085394,-2.7090967,-0.25487715,-1
1307,1308,1566171868725,-2.8941,0.2153,0.2417,6.539599,-2.6424517999999995,-0.97485185,-1
1308,1309,1566171868735,-2.6088998,0.25509998,-0.226,6.7763279999999995,-2.6678493,-1.3232848999999998,-1
1309,1310,1566171868746,-2.3009,0.2157,-0.5857,7.2071314,-2.7314873,-1.9156679,-1
1310,1311,1566171868756,-1.8242999,0.1727,-1.1448,7.6065035000000005,-2.8251482999999995,-2.3721653999999996,-1
1311,1312,1566171868766,-1.1697999,0.16239999,-1.4978,8.425627,-2.8322353,-2.6960435,-1
1312,1313,1566171868776,-0.4071,0.2395,-1.6039,8.962828,-2.8012638,-2.8270352,-1
1313,1314,1566171868786,0.0894,0.26299998,-1.6034,9.430741000000001,-2.821576,-2.8478932,-1
1314,1315,1566171868796,0.3278,0.2295,-1.6583999,9.580389,-2.9193842,-2.9162717000000002,-1
1315,1316,1566171868807,0.4937,0.1095,-1.6938,9.772413,-3.0411723,-2.9175357999999996,-1
1316,1317,1566171868817,0.68619996,0.081999995,-1.4521998999999999,9.997439,-3.0798628,-2.5640080000000003,-1
1317,1318,1566171868827,0.82769996,0.0412,-1.0885,10.034166,-3.0923605,-2.2164276000000003,-1
1318,1319,1566171868837,0.8797,0.0484,-0.7816,10.123268,-3.1479445,-2.0113497,-1
1319,1320,1566171868847,0.9305,-0.0319,-0.7287,10.120348,-3.1543033,-1.9365165000000002,-1
1320,1321,1566171868858,0.8932,0.0858,-0.45499998,10.044423,-3.0150852,-1.6249639,-1
1321,1322,1566171868868,0.7971,0.1855,-0.322,9.949546,-3.0140990000000003,-1.532902,-1
1322,1323,1566171868878,0.6811,0.17809999,-0.1743,9.818717,-2.9691164,-1.3813778,-1
1323,1324,1566171868889,0.6143,0.2902,-0.0795,9.8510475,-2.8563879,-1.3723756,-1
1324,1325,1566171868899,0.65569997,0.4622,-0.2994,9.805702,-2.7471452000000003,-1.5876526000000002,-1
1325,1326,1566171868909,0.5401,0.4764,-0.4583,9.616206,-2.8458247,-1.8099589,-1
1326,1327,1566171868919,0.40559998,0.3716,-0.6681,9.558535000000001,-2.9632652000000004,-1.8171321,-1
1327,1328,1566171868929,0.3606,0.2462,-0.52279997,9.587887,-3.1117055000000002,-1.2874676,-1
1328,1329,1566171868940,0.38509998,0.1486,-0.0028,9.621703,-3.1291450000000003,-0.918004,-1
1329,1330,1566171868950,0.4876,0.13679999,0.44149998,9.617144999999999,-3.1716566000000004,-0.5667363000000001,-1
1330,1331,1566171868960,0.40199998,0.0334,0.65569997,9.447606,-3.329128,-0.41850647,-1
1331,1332,1566171868970,0.1383,-0.16129999,0.7879,9.120826,-3.6626306000000004,-0.41706994,-1
1332,1333,1566171868980,-0.0865,-0.4249,0.78,9.134081,-3.8751687999999995,-0.4839352,-1
1333,1334,1566171868990,0.0423,-0.6749,0.6006,9.532418,-4.142562399999999,-0.64708567,-1
1334,1335,1566171869001,0.5155,-0.8813,0.5837,10.351676,-4.270882,-0.47364014,d
1335,1336,1566171869011,1.1751,-0.9596,0.7132,10.781416,-4.277749,-0.6363501,-1
1336,1337,1566171869021,1.7050999,-0.96459997,0.3796,11.056711,-4.2417593,-1.1810021000000002,-1
1337,1338,1566171869031,1.9755,-0.9216,-0.3324,11.244885,-4.111716,-2.0412102,-1
1338,1339,1566171869041,2.0441,-0.7856,-0.9788,11.095756,-3.7946565000000003,-2.3194067000000005,-1
1339,1340,1566171869052,1.6870999,-0.2826,-1.0559,10.842105,-3.42345,-2.1203048,-1
1340,1341,1566171869063,1.3409,0.0168,-0.6024,10.580475999999999,-3.1189744,-1.7063476000000002,-1
1341,1342,1566171869073,0.86539996,0.2601,-0.3937,10.050226,-2.7229732999999996,-1.4818958999999998,-1
1342,1343,1566171869083,0.3302,0.53029996,-0.41579998,9.616197,-2.4605113999999997,-1.4967591999999998,-1
1343,1344,1566171869093,-0.2144,0.8113,-0.3852,8.9912615,-2.0342767,-1.440821,-1
1344,1345,1566171869103,-0.777,1.0576,-0.33799999999999997,8.554492,-1.7940232,-1.383226,-1
1345,1346,1566171869113,-1.1507,1.3313999,-0.25509998,8.251913,-1.5185943000000002,-1.3057208999999999,-1
1346,1347,1566171869124,-1.3154,1.6156,-0.2447,8.055838,-1.1217793,-1.2290299,-1
1347,1348,1566171869134,-1.4470999,1.9210999,-0.1082,7.916159599999999,-0.71858615,-0.99034715,-1
1348,1349,1566171869144,-1.5364,2.0504,0.0191,7.8633630000000005,-0.62662005,-0.913637,-1
1349,1350,1566171869154,-1.7695999,1.6896,0.2854,7.590558000000001,-1.0886436000000002,-0.55980265,-1
1350,1351,1566171869164,-1.9896,1.1918,0.5369,7.409355000000001,-1.6832675,-0.27764120000000003,-1
1351,1352,1566171869175,-1.9705,0.7148,0.6681,7.528366,-2.063438,-0.15548903,-1
1352,1353,1566171869185,-1.5459,0.3556,0.6484,8.02298,-2.4596305,-0.25828648,-1
1353,1354,1566171869195,-1.1093,0.051799998,0.564,8.355985,-2.6908529,-0.26717377,-1
1354,1355,1566171869205,-0.7504,-0.152,0.6389,8.653832000000001,-2.8602474,-0.20705056,-1
1355,1356,1566171869215,-0.4806,-0.25169998,0.83269995,8.925948,-2.981394,0.030664936,-1
1356,1357,1566171869226,-0.5068,-0.2891,1.0864,8.839096000000001,-3.0665605,0.22455697,-1
1357,1358,1566171869236,-0.6527,-0.38239998,0.9855,8.690961999999999,-3.1477623,0.13847105,-1
1358,1359,1566171869246,-0.9279999999999999,-0.43159997,0.83129996,8.37125,-3.1981554,-0.034208353999999996,-1
1359,1360,1566171869256,-1.0957999,-0.49049997,0.6135,8.323481,-3.2472557999999996,-0.27756462,-1
1360,1361,1566171869266,-0.9977,-0.5261,0.25759998,8.464058999999999,-3.2362041,-0.66816425,-1
1361,1362,1566171869276,-0.7705,-0.4197,0.0919,8.796221000000001,-3.0979438,-0.56590307,-1
1362,1363,1566171869287,-0.5124,-0.311,0.3463,8.964878,-3.0144243,-0.3641485,-1
1363,1364,1566171869297,-0.2936,-0.1733,0.5044,9.188687,-2.8619905,-0.19014749,-1
1364,1365,1566171869307,-0.1441,-0.0374,0.68869996,9.247384,-2.7582355,-0.073425375,-1
1365,1366,1566171869317,-0.1331,0.10529999400000001,0.6541,9.264708,-2.6181072999999997,-0.252866,-1
1366,1367,1566171869327,-0.1328,0.2263,0.42049998,9.202353500000001,-2.570051,-0.51994395,-1
1367,1368,1566171869337,-0.2112,0.2481,0.040799998,9.127865,-2.6267742999999997,-0.8655613999999999,-1
1368,1369,1566171869347,-0.2795,0.1327,-0.0805,9.1228285,-2.6841776000000004,-0.82580805,-1
1369,1370,1566171869357,-0.20979999,0.0765,0.0501,9.1976795,-2.723031,-0.5685846,-1
1370,1371,1566171869367,-0.13949999,0.0699,0.3127,9.262908,-2.7135115,-0.41097910000000004,-1
1371,1372,1566171869377,-0.1183,0.0543,0.44599998,9.289464,-2.8035145,-0.2900719,-1
1372,1373,1566171869387,-0.0674,-0.0188,0.4684,9.370762,-2.819929,-0.35338420000000004,d
1373,1374,1566171869397,0.1603,0.0473,0.302,9.610508,-2.6878746,-0.6941653,-1
1374,1375,1566171869408,0.29999998,0.1248,-0.0832,9.693097999999999,-2.7246493999999997,-0.99416834,-1
1375,1376,1566171869418,0.3414,0.0158,-0.4026,9.727584,-2.8805408,-1.3026277,-1
1376,1377,1566171869428,0.4218,-0.025799999,-0.5627,9.808661,-2.9030654,-1.4579635,-1
1377,1378,1566171869438,0.5611,-0.1274,-0.8551,10.069658,-3.0269032000000005,-1.6361113,-1
1378,1379,1566171869448,0.82769996,-0.1722,-0.84919995,10.407882,-3.0538042,-1.5747911,-1
1379,1380,1566171869459,1.0929999,-0.20179999,-0.7542,10.563965,-3.0352638,-1.4588733,-1
1380,1381,1566171869469,1.1897,-0.14899999,-0.5721,10.474623,-2.97017,-1.3121853,-1
1381,1382,1566171869479,1.0878999,-0.1223,-0.5509,10.343152,-3.0172972999999996,-1.368995,-1
1382,1383,1566171869489,0.9058,-0.1795,-0.5532,10.132118,-2.9188862,-1.2004048999999999,-1
1383,1384,1566171869499,0.7427,-0.0915,-0.36969998,10.046482000000001,-2.854559,-1.0385473,-1
1384,1385,1566171869509,0.63839996,-0.081599995,-0.21859999,10.10445,-2.8433634999999997,-0.9071151,-1
1385,1386,1566171869520,0.7696,-0.07,-0.0911,10.364212,-2.7682812,-0.8488403,-1
1386,1387,1566171869530,1.0681,0.012,-0.12079999599999999,10.635887,-2.7300699,-0.9952984,-1
1387,1388,1566171869540,1.2685,-0.0234,-0.22109999,10.7347,-2.7690759999999996,-0.9097200000000001,-1
1388,1389,1566171869550,1.3794,-0.062699996,-0.0969,10.8919325,-2.7886894,-0.7352115,-1
1389,1390,1566171869560,1.479,-0.0884,0.096599996,10.923439,-2.6306243,-0.29797277,-1
1390,1391,1566171869570,1.4986,0.0267,0.41959998,10.85237,-2.5824244,-0.15563269,-1
1391,1392,1566171869580,1.4087,0.0672,0.575,10.787804,-2.4857657000000004,-0.0034380737,-1
1392,1393,1566171869590,1.3174,0.11229999,0.7187,10.667777000000001,-2.3179417,0.034093432,-1
1393,1394,1566171869600,1.1665,0.2518,0.67469996,10.603124000000001,-2.240561,-0.023587676000000002,-1
1394,1395,1566171869610,0.98569995,0.4175,0.4755,10.292003,-2.0013323,-0.23764847,-1
1395,1396,1566171869620,0.746,0.44299999999999995,0.4296,10.089463,-1.9296212,-0.10356359,-1
1396,1397,1566171869630,0.45799997,0.4768,0.6579,9.732764,-1.8811050999999999,0.5383602,-1
1397,1398,1566171869640,0.1708,0.45189998,1.3355,9.54642,-1.8659929,0.9994643,-1
1398,1399,1566171869650,-0.12539999,0.3392,1.9080000000000001,9.155418,-1.9658598999999999,1.4498425,-1
1399,1400,1566171869660,-0.4314,0.2173,2.1334,8.948971,-2.0044928,1.4082791000000001,-1
1400,1401,1566171869670,-0.7468,0.116299994,2.0509,8.535894,-2.0185323,1.0240288,-1
1401,1402,1566171869680,-1.0517,0.0863,1.6047,8.392195,-1.9514946,0.57615983,-1
1402,1403,1566171869691,-1.2182,0.1476,1.1015999,8.292892,-1.7793131999999998,0.07899908,-1
1403,1404,1566171869701,-1.3346,0.2795,0.7308,8.081341,-1.6233358,0.11808203,-1
1404,1405,1566171869711,-1.5088999,0.34399998,0.8472,7.810881599999999,-1.6206926000000001,0.37931818,-1
1405,1406,1566171869721,-1.8689,0.261,1.1952,7.315694000000001,-1.8527961,0.6968659,-1
1406,1407,1566171869731,-2.5418,-0.1147,1.6072999,6.561271700000001,-2.2716665000000003,1.1454531000000001,-1
1407,1408,1566171869742,-3.1248,-0.4658,2.0226,6.2292337,-2.4426603,1.5259013000000001,-1
1408,1409,1566171869752,-3.471,-0.6574,2.5344,6.1082019999999995,-2.4915979999999998,1.6797528000000002,-1
1409,1410,1566171869762,-3.5105,-0.6817,2.4923,6.2287745,-2.4220414,1.1204958999999999,-1
1410,1411,1566171869772,-3.3813,-0.63,2.044,6.3816489999999995,-2.3436747,0.6353158,-1
1411,1412,1566171869782,-3.0184999,-0.48169997,1.0022,6.5868034,-2.279778,0.009979033,-1
1412,1413,1566171869792,-2.668,-0.37019998,0.5962,6.9908295,-2.1732457000000003,-0.5305647,-1
1413,1414,1566171869803,-2.3165,-0.2096,0.1759,7.259736999999999,-2.0365846000000003,-0.93122953,-1
1414,1415,1566171869812,-2.3165,-0.2096,0.1759,7.411357000000001,-1.8659163,-1.1754572,-1
1415,1416,1566171869822,-2.1016998,0.1602,-0.4809,7.4698324000000005,-1.6897796000000003,-1.7208564,-1
1416,1417,1566171869832,-2.1792998,0.2792,-0.9227,7.3762,-1.554287,-2.3006363,-1
1417,1418,1566171869842,-2.2758,0.39679998,-1.0570998999999999,7.2658086,-1.4498806,-2.447238,-1
1418,1419,1566171869852,-2.2537,0.4764,-1.0747,7.278641,-1.3600598999999998,-2.5562222,-1
1419,1420,1566171869863,-2.0836,0.5999,-1.2435,7.438114,-1.2567165,-2.7876458,-1
1420,1421,1566171869873,-1.6377,0.7716,-1.4093,7.971753,-1.0765862,-3.0662925,-1
1421,1422,1566171869883,-1.0435,0.8847,-1.6513,8.445172999999999,-1.0099988000000002,-3.3376992,-1
1422,1423,1566171869893,-0.5273,0.8799,-2.0224,9.028678999999999,-1.0751115,-3.8307035000000003,-1
1423,1424,1566171869904,-0.100099996,0.75479996,-2.3485,9.347365,-1.2121269,-4.122383999999999,-1
1424,1425,1566171869914,0.2086,0.58529997,-2.4696999,9.696928999999999,-1.456977,-4.253462,-1
1425,1426,1566171869924,0.5361,0.5262,-2.5017998,10.103769999999999,-1.5990393999999999,-4.4081564,-1
1426,1427,1566171869934,0.8721,0.4472,-2.6402,10.346639,-1.70222,-4.461633,-1
1427,1428,1566171869944,1.0402,0.3945,-2.6552,10.45953,-1.8226291000000001,-4.455178299999999,-1
1428,1429,1566171869954,1.0297999,0.24849999,-2.5967999,10.364413,-1.9691063999999998,-4.3800197,-1
1429,1430,1566171869965,0.8207,0.1069,-2.4479,10.1006,-2.2237632,-4.21617,-1
1430,1431,1566171869975,0.6386,-0.07809999599999999,-2.3265998,9.977547999999999,-2.3726156,-4.0715699999999995,-1
1431,1432,1566171869985,0.5627,-0.15709999,-2.0658,9.940831,-2.4840128,-3.6026222999999997,-1
1432,1433,1566171869995,0.672,-0.13759999,-1.4491999,10.095564,-2.452352,-3.0703242000000004,-1
1433,1434,1566171870005,0.80009997,-0.0861,-0.8914,10.174524,-2.4335337000000004,-2.6043553,-1
1434,1435,1566171870015,0.8096,0.0063,-0.3716,10.166316,-2.3708725,-1.9476063999999997,-1
1435,1436,1566171870025,0.652,0.0021,-0.0352,9.932738,-2.4752886000000003,-1.535641,-1
1436,1437,1566171870036,0.34700000000000003,-0.12969999,0.1107,9.651247,-2.6350296,-1.4223952,-1
1437,1438,1566171870046,-0.0064999997,-0.21249999,0.0887,9.249596,-2.7061949,-1.3688992,-1
1438,1439,1566171870056,-0.2324,-0.1779,0.1542,9.113395,-2.7010329,-1.2268656,-1
1439,1440,1566171870066,-0.4188,-0.1063,0.37829998,8.903547999999999,-2.6417909,-0.85070777,-1
1440,1441,1566171870076,-0.5758,0.0007,0.7929999999999999,8.734392,-2.512054,-0.12911451,-1
1441,1442,1566171870086,-0.71309996,0.1524,1.4298999,8.617833000000001,-2.467972,0.47527778,-1
1442,1443,1566171870097,-0.7913,0.1828,2.0251,8.480922999999999,-2.4517965,1.1904066,-1
1443,1444,1566171870107,-0.9173,0.2127,2.5809,8.415159,-2.4577245999999997,1.6338991000000003,-1
1444,1445,1566171870117,-1.0411,0.16579999,3.0024998,8.290086,-2.5595644,1.9035628,-1
1445,1446,1566171870127,-1.2109,-0.0046,3.1444,8.0860815,-2.788795,1.9851476000000003,-1
1446,1447,1566171870137,-1.3285999,-0.1407,3.1416,7.9709773,-3.087122,1.9660418999999998,-1
1447,1448,1566171870147,-1.375,-0.4484,3.0695,8.013709,-3.3022650000000002,1.9115785,-1
1448,1449,1566171870158,-1.1645,-0.62409997,3.1088,8.457556,-3.5026309999999996,1.9289892,-1
1449,1450,1566171870168,-0.65779996,-0.6778,3.0823,9.157841000000001,-3.5071800000000004,1.7589433,-1
1450,1451,1566171870178,-0.0327,-0.64169997,2.9382,9.549914999999999,-3.5422597000000002,1.5948066,-1
1451,1452,1566171870188,0.4157,-0.6372,2.8253999,9.9714575,-3.5721678999999997,1.3762637,-1
1452,1453,1566171870198,0.7263,-0.5974,2.5879,10.043225,-3.5815437000000006,1.1418618,-1
1453,1454,1566171870208,0.8005,-0.6012,2.3316,9.99268,-3.6941574,1.002414,-1
1454,1455,1566171870219,0.72679996,-0.6972,2.3119,9.906029,-3.7552671,0.9596439,-1
1455,1456,1566171870229,0.69189996,-0.6777,2.3028,10.053789,-3.6802232000000004,0.68852454,-1
1456,1457,1566171870240,0.9508,-0.5704,1.9668,10.449666,-3.5355752000000003,0.32233614,-1
1457,1458,1566171870250,1.5134,-0.3261,1.5501,11.170972,-3.2305252999999996,-0.29847077,-1
1458,1459,1566171870260,2.0751998,-0.055299997000000004,1.0063,11.491057000000001,-3.1148853,-0.9254068999999999,-1
1459,1460,1566171870270,2.3990998,0.100499995,0.12709999,11.711018,-3.0160812999999997,-2.0024145,-1
1460,1461,1566171870280,2.5430999,0.20639999,-0.613,11.565019,-2.9292675999999997,-2.5758834,-1
1461,1462,1566171870290,2.3999999,0.261,-1.0313,11.513974000000001,-2.8941302,-3.1054041,-1
1462,1463,1566171870301,2.3222,0.29389998,-1.6610999,11.28055,-2.7834892000000004,-3.4511172999999995,-1
1463,1464,1566171870311,2.1146998,0.3556,-1.8333,10.973268,-2.79615,-3.45151,-1
1464,1465,1566171870322,1.7386999,0.3109,-1.7563,10.674078999999999,-2.798314,-3.3837059999999997,-1
1465,1466,1566171870331,1.3802999,0.32099998,-1.5767,10.211069,-2.7194302,-3.0858578999999997,-1
1466,1467,1566171870341,0.9519,0.28239998,-1.2990000000000002,9.7639475,-2.8483818,-2.6876062999999997,-1
1467,1468,1566171870351,0.58169997,0.13949999,-0.9242,9.592426,-2.9034293,-2.6307007999999996,-1
1468,1469,1566171870361,0.37829998,0.0525,-0.8854,9.484917,-2.8553345,-2.7718822999999997,-1
1469,1470,1566171870372,0.28300000000000003,0.081599995,-1.0060999,9.474048,-2.855277,-2.8290555,-1
1470,1471,1566171870382,0.1423,0.0994,-1.4224,9.347883,-2.8237023,-3.1601932,-1
1471,1472,1566171870392,-0.0316,0.21249999,-1.9834,9.139156,-2.6635592,-3.8484879000000003,-1
1472,1473,1566171870402,-0.1285,0.3557,-2.8973,9.099671,-2.5605319,-4.56467,-1
1473,1474,1566171870412,0.0676,0.61469996,-3.9520998,9.324975,-2.2069464,-5.684218,-1
1474,1475,1566171870422,0.2726,0.9945,-4.325,9.524661,-1.9046928,-5.8993416,-1
1475,1476,1566171870433,0.31939998,1.2735,-3.7031,9.570447999999999,-1.5818491000000001,-5.0079613,-1
1476,1477,1566171870443,0.31939998,1.2735,-3.7031,9.314929,-1.521544,-3.9434226000000003,-1
1477,1478,1566171870453,-0.66179997,1.1452999,-1.2799,8.506627,-1.6941563000000002,-2.665302,-1
1478,1479,1566171870463,-1.2971,0.9158,-0.5646,8.007762,-1.8171703999999997,-2.0951467,-1
1479,1480,1566171870473,-1.7743,0.6538,-0.0729,7.4826369999999995,-2.0544837,-1.4875079,-1
1480,1481,1566171870483,-2.0822,0.3766,0.271,7.2512326,-2.2754302,-1.2028278000000001,-1
1481,1482,1566171870494,-2.0435998,0.1173,0.60179996,7.350908,-2.5601103,-0.74689513,-1
1482,1483,1566171870504,-1.6380999,-0.064899996,0.81659997,7.7150183000000006,-2.7025557,-0.56926453,-1
1483,1484,1566171870514,-1.0030999,-0.1047,0.80179995,8.463953,-2.739235,-0.52065265,-1
1484,1485,1566171870524,-0.4833,-0.1074,0.93329996,9.041138,-2.8654957000000003,-0.25074953,-1
1485,1486,1566171870534,-0.16939999,-0.2491,0.95849997,9.218012,-3.001247,-0.24977270000000004,-1
1486,1487,1566171870545,-0.0923,-0.3689,0.93729997,9.20063,-3.2003582,-0.16872418,-1
1487,1488,1566171870555,-0.2915,-0.5591,1.1236,9.007733,-3.3546980000000004,0.059251702999999996,-1
1488,1489,1566171870565,-0.6095,-0.69189996,1.5035,8.622152,-3.456011,0.64344645,-1
1489,1490,1566171870575,-0.9378,-0.7252,1.9290999,8.351405999999999,-3.4612973,0.855908,-1
1490,1491,1566171870585,-1.1681,-0.7525,2.0981998,8.223125,-3.3844529999999997,0.99817145,-1
1491,1492,1566171870595,-1.0741,-0.5926,2.0844,8.356405,-3.1918347000000002,0.9466003000000001,-1
1492,1493,1566171870605,-0.8516,-0.2421,1.9699999,8.532121,-2.913073,0.88083637,-1
1493,1494,1566171870615,-0.6186,-0.0437,1.6448,8.7677965,-2.6879797,0.42283517,-1
1494,1495,1566171870626,-0.5908,0.0802,1.1977999,8.814685,-2.5614703,-0.05400361,-1
1495,1496,1566171870637,-0.50339997,0.1484,0.6426,8.916037,-2.5068345,-0.5963286,-1
1496,1497,1566171870647,-0.3858,0.110999994,0.1277,9.0154915,-2.5119102000000004,-1.0185126,-1
1497,1498,1566171870657,-0.24759999,0.1037,0.0903,9.219123,-2.5974312000000004,-1.0059956,-1
1498,1499,1566171870667,-0.0499,0.0761,0.1184,9.43144,-2.5315716,-0.901551,-1
1499,1500,1566171870677,0.15709999,0.1636,0.405,9.494877,-2.451605,-0.49423024,-1
1500,1501,1566171870687,0.059000000000000004,0.1977,0.7208,9.379553999999999,-2.462197,-0.32977733,-1
1501,1502,1566171870698,-0.12889999,0.2082,0.8555,9.163117,-2.3710833,-0.33109894,-1
1502,1503,1566171870708,-0.308,0.30589998,0.7697,9.005072,-2.3217053,-0.48625278,-1
1503,1504,1566171870718,-0.5266,0.24839999,0.32479998,8.786327,-2.4149067000000004,-1.0846308,-1
1504,1505,1566171870728,-0.5972,0.18519999,-0.1028,8.898703,-2.4502451,-1.5721669,-1
1505,1506,1566171870738,-0.4111,0.1665,-0.5093,9.207104,-2.4410993999999997,-1.7094026000000002,-1
1506,1507,1566171870748,-0.0277,0.17099999,-0.55079997,9.600385000000001,-2.4326239,-1.3760148,d
1507,1508,1566171870759,0.2582,0.2039,-0.183,9.76998,-2.4233341,-1.2093399999999999,-1
1508,1509,1566171870769,0.3964,0.2034,0.0122,9.657224000000001,-2.4189672000000004,-0.86376095,-1
1509,1510,1566171870779,0.22899999,0.2074,0.3436,9.431833000000001,-2.42773,-0.6332376000000001,-1
1510,1511,1566171870789,-0.096599996,0.17809999,0.5743,9.007139,-2.4951508,-0.50490844,-1
1511,1512,1566171870799,-0.4326,0.1292,0.6631,8.807933,-2.5030134,-0.60754305,-1
1512,1513,1566171870809,-0.6505,0.06399999599999999,0.43469998,8.77566,-2.5948932,-0.9581404,-1
1513,1514,1566171870819,-0.5827,-0.005,0.1248,8.938809,-2.5824816000000004,-1.1875432,-1
1514,1515,1566171870830,-0.3566,0.03,-0.129,9.272657,-2.565818,-1.3604621000000001,-1
1515,1516,1566171870840,-0.0319,0.0774,-0.257,9.505278,-2.4914734,-1.3512205,-1
1516,1517,1566171870850,0.1944,0.1327,-0.1856,9.608918,-2.4345392999999995,-1.124365,-1
1517,1518,1566171870860,0.1849,0.2033,-0.0015,9.440433,-2.3910894,-0.79186785,-1
1518,1519,1566171870871,0.0368,0.22909999,0.32189998,9.192911,-2.3459156,-0.5789371,-1
1519,1520,1566171870881,-0.2695,0.2795,0.5868,8.926341,-2.3699532000000003,-0.48761270000000007,-1
1520,1521,1566171870891,-0.4682,0.23089999,0.6358,8.861563,-2.4008097999999998,-0.48670292,-1
1521,1522,1566171870901,-0.4407,0.1928,0.5316,8.955809,-2.4000149,-0.5880350999999999,-1
1522,1523,1566171870911,-0.4407,0.1928,0.5316,9.056384,-2.413662,-0.7269180000000001,-1
1523,1524,1566171870921,-0.253,0.20789999,0.0015,9.155149,-2.3854773,-1.1147882,-1
1524,1525,1566171870931,-0.253,0.20789999,0.0015,9.220626,-2.434338,-1.4028873,-1
1525,1526,1566171870941,-0.1739,0.16319999,-0.31649998,9.349731,-2.3452451,-1.3387227,-1
1526,1527,1566171870951,-0.0457,0.26459998,-0.22049999,9.453582,-2.2817988,-0.97159576,-1
1527,1528,1566171870962,-0.0145,0.28599998,0.6433,9.382100999999999,-2.3240613999999997,-0.48297749999999995,-1
1528,1529,1566171870972,-0.0145,0.28599998,0.6433,9.24634,-2.3613722000000004,-0.24662194,-1
1529,1530,1566171870982,-0.26729998,0.1804,0.88159996,9.133286,-2.4285824000000003,-0.2547239,-1
1530,1531,1566171870992,-0.26729998,0.1804,0.88159996,9.160685,-2.4809964,-0.4426017,-1
1531,1532,1566171871002,-0.0473,0.1039,0.32099998,9.344531,-2.5256432999999996,-0.814584,-1
1532,1533,1566171871012,0.0823,0.0907,0.1381,9.485866,-2.512887,-1.0316328000000001,-1
1533,1534,1566171871023,0.1818,0.1722,0.1433,9.574537,-2.470414,-1.010401,-1
1534,1535,1566171871033,0.1818,0.1722,0.1433,9.543728999999999,-2.4490097,-0.9264986,-1
1535,1536,1566171871043,0.023799999,0.3296,0.1169,9.415992999999999,-2.2934537,-1.0519165000000001,-1
1536,1537,1566171871053,-0.1648,0.36659998,0.1048,9.196789,-2.2567458,-1.0546362,-1
1537,1538,1566171871063,-0.31469998,0.39119998,0.17369999,9.087814999999999,-2.2109973,-1.0086675999999999,-1
1538,1539,1566171871073,-0.5429999999999999,0.30769998,0.2429,8.838635,-2.2888472,-0.8838818000000002,-1
1539,1540,1566171871084,-0.6629,0.21609999,0.5973,8.739497,-2.347639,-0.61084706,-1
1540,1541,1566171871094,-0.6439,0.218,0.8933,8.772383999999999,-2.3305637999999997,-0.2716557,-1
1541,1542,1566171871104,-0.6143,0.32479998,1.1328,8.787879,-2.236577,-0.09544246,-1
1542,1543,1566171871114,-0.6821,0.26209998,1.2542,8.686892,-2.2887897,0.028356925,-1
1543,1544,1566171871124,-0.7097,0.24569999,0.9952,8.689487,-2.3316748,-0.2068303,-1
1544,1545,1566171871135,-0.5786,0.2472,0.6446,8.8448715,-2.3185928,-0.59484416,-1
1545,1546,1566171871145,-0.3459,0.3886,0.40109998,9.158971000000001,-2.2338188,-0.8572103999999999,-1
1546,1547,1566171871155,-0.0556,0.4428,0.1281,9.390164,-2.2161212000000003,-1.1147403999999999,-1
1547,1548,1566171871165,0.1291,0.5316,-0.0699,9.496037,-2.1820276,-1.2033067,-1
1548,1549,1566171871175,0.0297,0.5277,0.046699997,9.309595,-2.2073197,-1.1357518,-1
1549,1550,1566171871186,-0.1978,0.44959998,-0.015899998999999998,9.071678,-2.356651,-1.2050878999999999,-1
1550,1551,1566171871196,-0.4066,0.2796,-0.0184,8.930918,-2.5114603,-1.1684086,-1
1551,1552,1566171871206,-0.498,0.1475,0.1952,8.846451,-2.6215837000000004,-1.0230902,-1
1552,1553,1566171871216,-0.4326,0.1435,0.45569998,8.928792,-2.6406226000000004,-0.6469228,-1
1553,1554,1566171871226,-0.33769998,0.2004,0.8290000000000001,9.021572,-2.5936866000000003,-0.35807680000000003,-1
1554,1555,1566171871236,-0.3214,0.1915,0.88989997,8.898788,-2.6296859,-0.38553350000000003,-1
1555,1556,1566171871247,-0.49139997,0.21599999,0.80469996,8.741355,-2.6476808,-0.48795745,-1
1556,1557,1566171871257,-0.64129996,0.2149,0.62549996,8.604961999999999,-2.6056,-0.6986376,-1
1557,1558,1566171871267,-0.7212,0.26729998,0.3958,8.548516000000001,-2.6513102,-0.8932191999999999,-1
1558,1559,1566171871277,-0.7208,0.2952,0.1284,8.620429,-2.6434667000000003,-1.1593683000000001,-1
1559,1560,1566171871287,-0.6009,0.3265,-0.0075999996999999994,8.783138000000001,-2.666116,-1.1447923,-1
1560,1561,1566171871298,-0.28329998,0.3398,0.1771,9.19406,-2.6638272,-0.858034,-1
1561,1562,1566171871308,0.0449,0.43159997,0.46499997,9.367275,-2.5949507,-0.5759396,-1
1562,1563,1566171871318,0.1767,0.50159997,0.7441,9.381919,-2.6087892000000004,-0.22960395,-1
1563,1564,1566171871328,0.091699995,0.55799997,1.1017,9.093409,-2.613731,0.20746237,-1
1564,1565,1566171871339,-0.1805,0.5726,1.4676,8.770334,-2.596301,0.49405790000000005,-1
1565,1566,1566171871349,-0.5997,0.6181,1.7803999,8.206806,-2.6136255,0.8556303,-1
1566,1567,1566171871359,-1.0864,0.6404,2.0749,7.756361500000001,-2.66874,1.0611295,-1
1567,1568,1566171871369,-1.5891998999999999,0.62549996,2.3609,7.241080999999999,-2.8555452999999997,1.4175302,-1
1568,1569,1566171871379,-1.9987999,0.48979998,2.5764,6.970478999999999,-3.0091379000000003,1.4855543,-1
1569,1570,1566171871390,-2.235,0.34559998,2.5015,6.8947460000000005,-3.2711308,1.1656601,-1
1570,1571,1566171871400,-2.1397,0.2726,2.1046,7.0596104,-3.3772895,0.86256385,-1
1571,1572,1566171871410,-1.8397,0.29819998,1.6617,7.4999423,-3.487423,0.28604007,-1
1572,1573,1566171871420,-1.4232,0.3696,0.99799997,7.799475999999999,-3.6089047999999995,-0.20675367,-1
1573,1574,1566171871430,-0.9693,0.3739,0.2751,8.210379,-3.766175,-0.80896246,-1
1574,1575,1566171871440,-0.5872,0.4224,-0.27609998,8.282138,-3.7483814,-1.0140307,-1
1575,1576,1566171871451,-0.5531,0.6179,-0.4445,7.434676,-3.6967719,-0.55669975,-1
1576,1577,1566171871461,-1.5640999,0.6739,0.0881,6.2723393,-4.8281279999999995,-1.0310582,-1
1577,1578,1566171871471,-2.3537,-0.14209999,-0.6996,6.213154299999999,-4.642539,-0.37178123,-1
1578,1579,1566171871481,-2.1741,0.2641,-0.0977,5.866636799999999,-4.608282599999999,-0.5275288,-1
