,Seq,Time,ACCx,ACCy,ACCz,ADGx,ADGy,ADGz,Keydown
0,1,1565431785262,-1.6409,1.7232,2.9578998,8.084348,-1.7533792000000001,0.99606454,-1
1,2,1565431785272,-0.4411,2.1685,2.3246999,8.228287,-0.3150865,-1.5610195,-1
2,3,1565431785282,-1.0947,0.046499997,0.2076,8.80119,-0.29157546,-0.92606765,-1
3,4,1565431785293,-0.69949996,0.2201,1.2574999,9.027931,-0.16068923,-0.31536427,-1
4,5,1565431785303,-0.34199998,0.24499999,1.6859,10.065626,-0.48664546,-0.7001029000000001,-1
5,6,1565431785313,0.4574,-0.1283,0.49809998,9.971199,-0.69269043,-1.4198095,-1
6,7,1565431785324,0.12879999,-0.3509,0.20179999,9.738827,-0.8370511999999999,-1.6209798999999998,-1
7,8,1565431785334,0.2399,-0.15709999,0.14199999,10.217113000000001,-0.33130005,-1.4426885,-1
8,9,1565431785344,0.6214,0.18779999,0.2145,10.520275,-0.26952007,-1.4172428999999998,-1
9,10,1565431785354,0.9209,0.1818,0.0358,10.6582575,-0.3271533,-1.1916323999999998,-1
10,11,1565431785364,0.9163,0.1237,0.2584,10.455373,-0.25575820000000005,-0.87902635,-1
11,12,1565431785375,0.5678,0.1645,0.5161,9.852198,-0.21806389,-0.69202006,-1
12,13,1565431785385,-0.0021,0.0925,0.5459,9.277905,-0.30273244,-0.685096,-1
13,14,1565431785395,-0.733,-0.057499997000000004,0.4669,8.514413000000001,-0.41716570000000003,-0.78378505,-1
14,15,1565431785405,-1.3154,-0.1783,0.3141,8.276717,-0.4354191,-0.9886234,-1
15,16,1565431785415,-1.4943,-0.21499999,0.023,8.4771595,-0.49039954,-1.2609015,-1
16,17,1565431785426,-1.1917,-0.23359999,-0.196,8.883264,-0.45011949999999995,-1.1353496,-1
17,18,1565431785436,-0.5943,-0.1584,0.096599996,9.654580000000001,-0.35305858,-0.52334374,-1
18,19,1565431785446,0.0128999995,-0.0427,0.6816,10.092068,-0.3016311,-0.07243896,-1
19,20,1565431785456,0.49199998,0.047,1.0422,10.515583,-0.24331793,-0.123129,-1
20,21,1565431785466,0.82269996,0.0955,0.75189996,10.698739,-0.25940695,-0.5168986,-1
21,22,1565431785476,0.9952,0.1087,0.23339999,10.899372999999999,-0.26117867,-1.1318542,-1
22,23,1565431785487,1.1866,0.13229999,-0.3414,11.108051,-0.23081063,-1.47343,-1
23,24,1565431785497,1.4347,0.20600000000000002,-0.71999997,11.299828,-0.05191587,-1.541253,-1
24,25,1565431785507,1.3734,0.25439999,-0.38729998,11.155064999999999,-0.10610144,-1.2060552,-1
25,26,1565431785517,1.3734,0.25439999,-0.38729998,10.982548,-0.22770773,-0.840767,-1
26,27,1565431785527,1.1757,0.107499994,0.0423,10.806277,-0.27728686,-0.37734532,-1
27,28,1565431785537,1.0275999,0.048699997,0.4201,10.890161,-0.28029397,-0.107011236,-1
28,29,1565431785548,1.1351,0.0037999998,0.7844,11.040286,-0.28212315,0.28015992,-1
29,30,1565431785558,1.3512,0.0009,1.2349,11.34751,-0.28639442,0.7309019,-1
30,31,1565431785568,1.959,-0.0211,1.551,11.736483,-0.30176517,0.74862856,-1
31,32,1565431785578,2.3214,0.0106999995,1.401,12.018969,-0.2974652,0.633161,-1
32,33,1565431785588,2.6148,0.19299999,1.1408,12.394495,-0.07320510599999999,0.35343206,-1
33,34,1565431785598,2.5444,0.2861,0.9305,12.231133,0.07676768,0.16591819,-1
34,35,1565431785609,2.0906,0.23799999,1.0241,11.877309,0.06625235,0.27626213,-1
35,36,1565431785619,1.4205999,0.099599995,1.0617,11.054681,-0.08781932,0.37001908,-1
36,37,1565431785629,0.7899,-0.1025,1.2537,10.577085,-0.19325039,0.57330596,-1
37,38,1565431785639,0.19909999,-0.2835,1.6164999,9.831032,-0.35683182,1.0091177,-1
38,39,1565431785649,-0.40089998,-0.5168,1.8830999,9.39003,-0.51438946,1.2578368999999998,-1
39,40,1565431785659,-0.8538,-0.8093,1.9603,8.861303999999999,-0.7986674,1.4127418,-1
40,41,1565431785670,-1.1401,-0.9736,2.2098,8.658085,-0.906416,1.6476703999999998,-1
41,42,1565431785680,-1.2597,-1.1285,2.6137,8.528864,-1.0475208,2.202972,-1
42,43,1565431785690,-1.2811999,-1.0914,2.9675,8.516147,-0.99174535,2.4836682999999997,-1
43,44,1565431785700,-1.3419,-0.9442,2.7015,8.436448,-0.8011189999999999,2.1897368,-1
44,45,1565431785710,-1.5691998999999999,-0.7599,2.1789,8.104794,-0.5762651999999999,1.5099273000000002,-1
45,46,1565431785721,-1.9825,-0.639,1.3615,7.703047,-0.48263276,0.8415523000000001,-1
46,47,1565431785730,-2.582,-0.5319,0.4949,7.2212954,-0.3670886,0.17502573,-1
47,48,1565431785740,-3.2301998,-0.621,0.0876,6.4938602,-0.4730464,-0.21133139999999997,-1
48,49,1565431785750,-3.7315998,-0.7581,0.2875,5.945588,-0.6001976,0.27415523,-1
49,50,1565431785760,-4.0257998,-0.84959996,0.7547,5.766932499999999,-0.6889841999999999,0.5898259,-1
50,51,1565431785770,-4.1907,-0.9375,1.1262,5.6212697,-0.70161605,0.8763735999999999,-1
51,52,1565431785781,-4.3738,-0.90139997,1.3893,5.4228377,-0.60943925,1.022985,-1
52,53,1565431785791,-4.4481,-0.8307,1.1319,5.3036737,-0.47898397,0.502045,-1
53,54,1565431785801,-4.5213,-0.695,0.6968,5.259831,-0.32334173,0.031421505,-1
54,55,1565431785811,-4.5737,-0.55259997,0.1025,5.181388,-0.17981412,-0.99666786,-1
55,56,1565431785821,-4.6349,-0.42279997,-0.87229997,5.158738,-0.052222326,-1.8196700000000001,-1
56,57,1565431785832,-4.5580997000000005,-0.3444,-1.5735999,5.200762,0.011722011499999999,-2.681956,-1
57,58,1565431785842,-4.5590997,-0.33609998,-2.0217,5.201154,-0.007517793,-3.0577595,-1
58,59,1565431785852,-4.4813,-0.3182,-2.2382,5.336216,-0.056014743,-3.3142457000000003,-1
59,60,1565431785862,-4.1872997000000005,-0.3477,-2.3878999,5.636544000000001,-0.06391561,-3.573346,-1
60,61,1565431785872,-3.6675,-0.218,-2.6594,6.279522,0.10504799,-3.9400516000000003,-1
61,62,1565431785882,-3.1966,-0.0569,-2.8372998,6.702969599999999,0.09478165,-4.357064,-1
62,63,1565431785893,-2.912,-0.103599995,-3.1599998,6.8640039999999996,-0.0029496565000000003,-4.7321777,-1
63,64,1565431785903,-2.7068,-0.1639,-3.4754,7.154468,-0.26979780000000003,-4.9085540000000005,-1
64,65,1565431785913,-2.3360999,-0.3358,-3.3831,7.6122875,-0.40785706,-4.8380303,-1
65,66,1565431785923,-1.5449,-0.2854,-3.1857998,8.753967999999999,-0.25902390000000003,-4.7207623,-1
66,67,1565431785933,-0.4411,-0.0039,-3.1490998,9.622976,-0.15123694,-4.812068,-1
67,68,1565431785943,0.5837,0.2286,-3.5224998,10.839164,0.07394253,-5.589168,-1
68,69,1565431785953,1.4811,0.4748,-4.311,11.383844,0.21808304,-6.2630877,-1
69,70,1565431785963,1.9865999,0.52459997,-5.0011,11.871994,-0.08911219,-6.803335000000001,-1
70,71,1565431785973,2.3848,0.2093,-5.1775,12.325225999999999,-0.42124543,-6.828541,-1
71,72,1565431785984,3.1555998,-0.0665,-5.0692,13.458257999999999,-0.6283918000000001,-6.478059,-1
72,73,1565431785994,4.1805997,-0.086399995,-4.6008997,14.251754,-0.60594374,-5.9191175000000005,-1
73,74,1565431786004,5.0676,0.087,-3.7017998999999997,15.146524,-0.34176752,-4.897818599999999,-1
74,75,1565431786014,5.5993,0.3317,-2.9571998,15.247904,-0.23424868,-4.445295,-1
75,76,1565431786024,5.4213,0.3125,-2.4429,14.586108,-0.39320454,-3.7476535,-1
76,77,1565431786034,4.6115,0.1056,-1.7787,13.8728285,-0.5584332,-3.2094178,-1
77,78,1565431786045,3.7647,-0.1363,-1.2796999,13.027704,-0.73032725,-2.6991177000000004,-1
78,79,1565431786055,3.2001,-0.20539999,-0.90169996,12.628399,-0.6411289000000001,-2.1152580000000003,-1
79,80,1565431786065,2.9092999,-0.1379,-0.3453,12.472642,-0.611843,-1.7088758999999998,-1
80,81,1565431786075,2.7645,-0.13849999,0.0827,12.389697,-0.6194470000000001,-1.1162056,-1
81,82,1565431786085,2.6777,-0.1692,0.5011,12.295346,-0.728297,-0.86712235,-1
82,83,1565431786096,2.5509,-0.28239998,0.6755,12.130922,-0.827484,-0.59656805,-1
83,84,1565431786106,2.3748999,-0.3457,0.8357,11.927358,-0.826737,-0.56029105,-1
84,85,1565431786116,2.1204998,-0.3442,0.7005,11.622566,-0.7882956999999999,-0.9183870000000001,-1
85,86,1565431786126,1.8172,-0.3024,0.3302,11.344617999999999,-0.68215597,-0.9676118,-1
86,87,1565431786136,1.4065,-0.1546,0.2983,10.708134,-0.534788,-0.89496213,-1
87,88,1565431786146,0.87899995,-0.1087,0.2843,9.92704,-0.48998773,-0.44110772,-1
88,89,1565431786156,0.17600000000000002,-0.11409999400000001,0.6627,9.297911000000001,-0.43653959999999997,0.10539276,-1
89,90,1565431786167,-0.61359996,-0.1099,1.2810999,8.489063,-0.39421007,0.85496944,-1
90,91,1565431786177,-1.2648,-0.1422,1.8885,8.12456,-0.24772327,1.3458573999999999,-1
91,92,1565431786187,-1.7089,-0.0095,2.4731998,7.588863000000001,0.08225519,1.7378168999999999,-1
92,93,1565431786197,-2.1717,0.1929,2.75,7.1495557000000005,0.27694209999999997,1.705093,-1
93,94,1565431786207,-2.7319,0.3884,2.6358,6.437501,0.4287345,1.0583136999999998,-1
94,95,1565431786218,-3.3212,0.4224,2.06,5.9859160000000005,0.43233535,0.6987334,-1
95,96,1565431786228,-3.8904,0.3762,1.6333,5.4321470000000005,0.32593703,0.49839620000000007,-1
96,97,1565431786238,-4.3318,0.25239998,1.4933,5.254497,0.21144632,0.70660555,-1
97,98,1565431786248,-4.5374,0.0725,1.7404,5.2130103,0.039667133,0.88305825,-1
98,99,1565431786258,-4.4863,-0.17359999,2.2096999,5.263451,-0.093938895,1.265326,-1
99,100,1565431786268,-4.5924997,-0.30089998,2.4917998,5.163489,-0.21860018,1.4632212,-1
100,101,1565431786279,-4.7572,-0.4701,2.4329998,4.974529,-0.44445002,1.3277763,-1
101,102,1565431786289,-4.8631,-0.5336,2.0114,4.889840599999999,-0.49593493,0.94190764,-1
102,103,1565431786299,-4.91,-0.5287,1.4925,4.856676,-0.5294729,0.2833873,-1
103,104,1565431786309,-4.8191,-0.5532,0.85819995,4.938136599999999,-0.59375244,-0.26967332,-1
104,105,1565431786319,-4.6292,-0.5864,0.48439997,5.1732283,-0.70749617,-0.72894824,-1
105,106,1565431786329,-4.4179,-0.6597,0.3856,5.328478,-0.806415,-0.8129847,-1
106,107,1565431786340,-4.2436,-0.68689996,0.3083,5.522293599999999,-0.9549513000000001,-1.0607176,-1
107,108,1565431786350,-4.0378,-0.8365,-0.0053999997,5.805872,-1.2172889,-1.359217,-1
108,109,1565431786360,-3.7022998,-0.9328,0.0315,6.0647044,-1.3675393,-1.3233039,-1
109,110,1565431786370,-3.385,-1.0249,0.38329998,6.3146205,-1.4902374,-1.0574423000000002,-1
110,111,1565431786380,-2.9199998,-1.0531,0.92499995,6.8644443,-1.6628498,-0.50960106,-1
111,112,1565431786390,-2.2591,-1.0145998999999999,1.3269,7.8190985,-1.6187388999999999,-0.22433670000000003,-1
112,113,1565431786401,-1.2741,-0.7913,1.2206,8.658247,-1.5027255,-0.55740845,-1
113,114,1565431786411,-0.2091,-0.5329999999999999,0.17009999,9.944556,-1.2966038999999998,-2.17903,-1
114,115,1565431786421,0.9158,-0.16759999,-1.3712,10.772261,-1.0893426000000002,-3.377893,-1
115,116,1565431786431,1.7283,0.0928,-2.3895,11.499504,-0.99922484,-4.3985887,-1
116,117,1565431786441,2.1396,0.0668,-2.9119,11.816822,-1.1355028,-4.755574,-1
117,118,1565431786452,2.5807,-0.0196,-3.0279999,12.429048,-1.3197031000000001,-4.793173,-1
118,119,1565431786462,3.3852,-0.047199998,-2.7770998,13.4686775,-1.2717136999999998,-4.44157,-1
119,120,1565431786472,4.2878,0.17729999,-2.3738,14.038459,-1.1129781,-4.1960296999999995,-1
120,121,1565431786482,4.6789,0.4265,-2.0105,14.193431,-0.9976447,-3.957012,-1
121,122,1565431786494,4.4974,0.4034,-1.6456,13.770376,-1.0603153,-3.5592108000000002,-1
122,123,1565431786504,3.8414998,0.4148,-1.3283,12.845907,-1.1201223999999999,-3.4675126000000005,-1
123,124,1565431786514,2.9956,0.25239998,-1.4353,11.964898,-1.2907238,-3.6612324999999997,-1
124,125,1565431786525,2.4027,0.20889999,-1.5236,11.730199,-1.2080472,-3.6480069999999998,-1
125,126,1565431786535,2.1722999,0.3209,-1.5403,11.555586,-1.251296,-3.7016370000000003,-1
126,127,1565431786545,2.0593998,0.23719999,-1.5459,11.534066000000001,-1.3168205,-3.5901725,-1
127,128,1565431786555,2.0444999,0.19129999,-1.3321999,11.428157,-1.5568440000000001,-2.9170093999999995,-1
128,129,1565431786565,1.9712,-0.035099998,-0.6904,11.407624,-1.7088375,-2.524973,-1
129,130,1565431786576,1.956,-0.1033,-0.36679998,11.454684,-1.7453825,-2.560043,-1
130,131,1565431786586,2.0175,-0.066,-0.4623,11.475112,-1.6777129000000002,-2.6134242999999997,-1
131,132,1565431786596,1.9597,0.033299997000000005,-0.5511,11.183727000000001,-1.6200701000000002,-2.876547,-1
132,133,1565431786606,1.6556,0.093499996,-0.8333,10.813862,-1.5596596,-3.029939,-1
133,134,1565431786616,1.1933,0.1717,-1.0731,10.2499695,-1.5472097,-3.264973,-1
134,135,1565431786626,0.7197,0.1804,-1.2327,9.937584,-1.5346545,-3.190676,-1
135,136,1565431786637,0.34309998,0.162,-1.1456,9.545376,-1.6483505,-2.950413,-1
136,137,1565431786647,0.0451,0.0112,-0.848,9.406262,-1.7786716,-2.601913,-1
137,138,1565431786657,-0.104899995,-0.1417,-0.359,9.335998,-1.957758,-1.9827820999999999,-1
138,139,1565431786667,-0.1469,-0.2756,0.1612,9.248936,-1.89412,-1.5691788999999998,-1
139,140,1565431786677,-0.2179,-0.24149999,0.45659998,9.15446,-1.8784332,-1.4219451,-1
140,141,1565431786688,-0.53679997,-0.35259998,0.6472,8.930794,-1.9741436999999997,-1.3715328000000002,-1
141,142,1565431786698,-0.53679997,-0.35259998,0.6472,8.891433000000001,-1.9934316000000003,-1.4200777,-1
142,143,1565431786708,-0.376,-0.2514,0.2619,9.107026,-1.8769776000000002,-1.741437,-1
143,144,1565431786718,-0.376,-0.2514,0.2619,9.28911,-1.7998747,-2.0131023,-1
144,145,1565431786729,-0.0285,-0.019,-0.2032,9.459922,-1.6345598999999997,-2.1812232000000003,-1
145,146,1565431786739,-0.098799996,-0.005699999599999999,-0.2355,9.360486,-1.6457263,-2.1934621,s
146,147,1565431786749,-0.2759,-0.055099998,-0.2692,9.212439,-1.6636828000000001,-2.2415185,-1
147,148,1565431786759,-0.3637,0.0117,-0.13059999,9.112159,-1.5692363999999999,-2.118447,-1
148,149,1565431786769,-0.3635,0.108799994,-0.062,9.122914,-1.4667454,-2.0683317,-1
149,150,1565431786780,-0.31469998,0.188,0.1006,9.176276,-1.3716574,-1.871107,-1
150,151,1565431786790,-0.2269,0.22989999,0.24139999,9.258695,-1.3389046,-1.7621324,-1
151,152,1565431786800,-0.2564,0.1856,0.34309998,9.208347999999999,-1.3741663999999998,-1.6532729,-1
152,153,1565431786810,-0.2856,0.1334,0.3464,9.202919,-1.4236594,-1.66737,-1
153,154,1565431786820,-0.2561,0.1336,0.1604,9.25992,-1.4601278,-1.9375987000000001,-1
154,155,1565431786830,-0.14819999,0.1073,-0.2436,9.331976,-1.4546596,-2.251488,-1
155,156,1565431786841,-0.0602,0.1113,-0.7090000000000001,9.422917,-1.4397676000000001,-2.800105,-1
156,157,1565431786851,-0.0804,0.1038,-1.0473,9.432648,-1.4499668,-3.1143777000000004,-1
157,158,1565431786861,-0.0028,0.17189999,-1.0799999,9.483327000000001,-1.3775567,-3.0512857,-1
158,159,1565431786871,0.0061,0.24569999,-0.68799996,9.458945,-1.3355336000000002,-2.4732103,-1
159,160,1565431786881,-0.0828,0.20709999,-0.1451,9.357823,-1.353653,-2.0236943,-1
160,161,1565431786892,-0.3191,0.1761,0.3394,9.050456,-1.4289937,-1.532902,-1
161,162,1565431786902,-0.585,0.0775,0.62659997,8.845367999999999,-1.4565556,-1.3394983999999999,-1
162,163,1565431786912,-0.7428,0.0722,0.7245,8.803308,-1.4377182,-1.3229401,-1
163,164,1565431786922,-0.6159,0.0543,0.5535,8.906029,-1.4675690000000001,-1.4969316000000001,-1
164,165,1565431786932,-0.4297,0.0915,0.39029998,9.141531,-1.4478983,-1.684704,-1
165,166,1565431786942,-0.2135,0.0841,0.0592,9.317706,-1.4912142,-2.0185706999999997,-1
166,167,1565431786953,0.031,-0.0376,-0.426,9.520849,-1.5941839,-2.4004362,s
167,168,1565431786963,0.2854,-0.0686,-0.5137,9.86006,-1.6334201000000002,-2.3642359,-1
168,169,1565431786973,0.40299999999999997,-0.0841,-0.3019,9.800818,-1.7103508,-1.9767487000000001,-1
169,170,1565431786984,0.295,-0.1467,0.0535,9.638060000000001,-1.7830003,-1.6847806,-1
170,171,1565431786993,0.049599998,-0.24479999,0.4034,9.436832,-1.7999224999999999,-1.4060093,-1
171,172,1565431787003,-0.1074,-0.2566,0.6175,9.35949,-1.7596138,-1.387641,-1
172,173,1565431787013,-0.0587,-0.1589,0.46719998,9.530915,-1.6187004999999999,-1.6445293,-1
173,174,1565431787023,0.1762,-0.0087,0.1174,9.8024845,-1.4620431999999999,-2.1354651000000002,-1
174,175,1565431787033,0.3811,0.104499996,-0.2272,9.948569,-1.3677309,-2.2977824,-1
175,176,1565431787044,0.4488,0.1313,-0.4159,9.933697,-1.4477163999999998,-2.4210932,-1
176,177,1565431787054,0.47709998,0.038799997,-0.4183,10.041388000000001,-1.5130397,-2.3696277,-1
177,178,1565431787064,0.6527,0.023699999,-0.37919998,10.28301,-1.4722712,-2.375843,-1
178,179,1565431787074,0.9068,0.0469,-0.47689998,10.543834,-1.455282,-2.5951614,-1
179,180,1565431787084,1.0812,0.038599997999999996,-0.64739996,10.666935,-1.4267718999999999,-2.6630611,-1
180,181,1565431787095,1.225,0.0755,-0.7231,10.794967,-1.3038151000000002,-2.8963327000000003,-1
181,182,1565431787105,1.2895,0.19659999,-0.9763,10.814217,-1.2652686000000002,-3.0847182,-1
182,183,1565431787115,1.3044,0.20629999,-1.1901,10.79557,-1.2812713,-3.244268,-1
183,184,1565431787125,1.2702999,0.1647,-1.4226999,10.813286999999999,-1.2280243999999998,-3.5490496,-1
184,185,1565431787136,1.3831999,0.1717,-1.7728,11.063137,-1.2426482,-4.100061,-1
185,186,1565431787146,1.5942999,0.1495,-2.2308,11.329792999999999,-1.2464597,-4.441818700000001,-1
186,187,1565431787156,1.9525,0.19559999,-2.6399999,11.805588,-1.1433079,-4.622006400000001,-1
187,188,1565431787166,2.3295999,0.2092,-2.6782,12.069621000000001,-1.1021469,-4.314141,-1
188,189,1565431787176,2.6174,0.19559999,-2.1188,12.216347,-1.0090506,-3.3860333,-1
189,190,1565431787187,2.6387,0.2606,-1.3267,12.014899,-0.977543,-2.8895526,-1
190,191,1565431787197,2.3143,0.2581,-0.95449996,11.487025,-1.0402231,-2.7942343,-1
191,192,1565431787207,1.8205999,0.083799995,-0.9375,11.001836,-1.1917858000000001,-2.6058586,-1
192,193,1565431787217,1.4142,-0.1003,-0.8006,10.899958,-1.2980021000000002,-2.5781915,-1
193,194,1565431787227,1.4344,-0.3863,-1.1740999,11.051931,-1.3826610000000001,-2.8830116,-1
194,195,1565431787238,1.4344,-0.3863,-1.1740999,11.311358,-1.3392302,-2.8495789,-1
195,196,1565431787248,1.8671,-0.3629,-0.6089,11.520181,-1.2691184,-2.210193,-1
196,197,1565431787258,1.7937,-0.39249998,-0.2057,11.495023,-1.2463161,-1.8800516,-1
197,198,1565431787269,1.4547,-0.3457,0.4687,11.128881,-1.1194808,-1.014318,-1
198,199,1565431787280,0.9102,-0.2126,1.2235999,10.467632,-0.83630425,-0.06607997,-1
199,200,1565431787289,0.268,-0.0973,1.6333,9.975758,-0.69358104,0.29331845,-1
200,201,1565431787299,-0.2461,0.0734,1.8043,9.410074,-0.35516545,0.5834381999999999,-1
201,202,1565431787309,-0.5721,0.3243,2.0372,9.162908,-0.09330683,0.81830937,-1
202,203,1565431787319,-0.77809995,0.4903,2.1991,8.918727,0.23348254,1.1250162000000001,-1
203,204,1565431787329,-1.0310999,0.5614,2.4375,8.722383,0.34326148,1.3271538999999999,-1
204,205,1565431787339,-1.3801,0.5760000000000001,2.7244,8.2988,0.46670649999999997,1.7129458999999998,-1
205,206,1565431787349,-1.8254,0.52349997,2.9705,7.931444,0.4741477,1.9157349,-1
206,207,1565431787359,-2.3181,0.5135,3.1065,7.3712683000000006,0.5545258000000001,2.0851676,-1
207,208,1565431787369,-2.6722999,0.4793,2.7976,7.0933684999999995,0.57685894,1.7855955000000001,-1
208,209,1565431787380,-2.9466999,0.36319998,2.468,6.764578,0.52945375,1.4490188,-1
209,210,1565431787390,-3.1899998,0.205,2.4743,6.572006699999999,0.44037029999999994,1.458835,-1
210,211,1565431787400,-3.4118998,-0.0837,2.7322,6.27775,0.12463256,1.7761146,-1
211,212,1565431787410,-3.7003,-0.4437,3.0958,5.892456,-0.2605466,2.1412782999999997,-1
212,213,1565431787420,-4.1047,-0.83419997,3.4343,5.5157905,-0.595438,2.3125787,-1
213,214,1565431787431,-4.4196,-1.2537,3.5769,5.3066335,-0.8848778,2.3792715,-1
214,215,1565431787441,-4.459,-1.4937999,3.3142,5.2885237,-1.1286075,1.9108698,-1
215,216,1565431787451,-4.2427,-1.6133,2.5764,5.617678,-1.1788954,0.83923477,-1
216,217,1565431787461,-3.8781,-1.5080999,1.7179999,5.8866525,-1.0837306,0.16752708,-1
217,218,1565431787471,-3.6490998,-1.3698,1.1405,6.051862,-0.9340546999999999,-0.6229904,-1
218,219,1565431787481,-3.6351,-1.1820998999999999,0.62119997,6.052312000000001,-0.78865963,-1.088021,-1
219,220,1565431787492,-3.6887,-1.0839,0.319,5.950548599999999,-0.66977316,-1.4530123,-1
220,221,1565431787502,-3.5828998,-0.84779996,0.1726,6.0901309999999995,-0.4544674,-1.7269758999999998,-1
221,222,1565431787512,-3.3772,-0.6193,-0.49899998,6.343935500000001,-0.24044488,-2.7567317000000005,-1
222,223,1565431787522,-3.0716999,-0.45769998,-1.2461,6.6789130000000005,-0.03335602,-3.7884889999999998,-1
223,224,1565431787532,-2.7747998,-0.27519998,-2.1501,6.8019365999999994,0.04785530599999999,-4.2765517,-1
224,225,1565431787543,-2.5853999,-0.2104,-3.0479998999999998,7.160234,0.1464198,-5.6449914,-1
225,226,1565431787553,-2.2193,-0.1069,-3.4010000000000002,7.507297500000001,0.19387288,-5.8089843,-1
226,227,1565431787563,-1.5683999,0.0266,-3.3449,8.399971,0.48503652,-5.6863055000000005,-1
227,228,1565431787573,-0.8204,0.3177,-3.1785,8.9105,0.67454237,-5.6771407,-1
228,229,1565431787583,-0.2122,0.5785,-3.1030998,9.396399,0.89630294,-5.848182700000001,-1
229,230,1565431787594,-0.0191,0.72959995,-3.395,9.4095955,0.95403194,-6.3409667,-1
230,231,1565431787604,-0.0945,0.6838,-4.1133,9.292567,0.8200141,-7.130660499999999,-1
231,232,1565431787614,-0.1646,0.5905,-4.5341997,9.222254,0.7439838000000001,-7.3151,-1
232,233,1565431787624,-0.1706,0.54219997,-4.5098,9.336084,0.67244506,-7.1026387,-1
233,234,1565431787634,-0.0242,0.4518,-4.1576,9.499359,0.48751694,-6.401817299999999,-1
234,235,1565431787644,0.0591,0.3497,-3.5553,9.601457,0.39137536,-5.8871794,-1
235,236,1565431787655,0.2149,0.28419998,-3.033,9.714597999999999,0.24801056,-5.604118,-1
236,237,1565431787665,0.3615,0.1779,-2.9710999,9.852101,0.16370593,-5.6265655,-1
237,238,1565431787675,0.39319998,0.1848,-3.0737,9.844632,0.066673726,-5.643181299999999,-1
238,239,1565431787685,0.3249,0.1135,-3.0983,9.735705000000001,-0.08485051,-5.6429515,-1
239,240,1565431787695,0.1187,0.029199999,-3.2166997999999998,9.389484,-0.16997874,-5.4780393,-1
240,241,1565431787705,-0.2243,0.007999999,-3.063,9.108166,-0.2692232,-5.3205675999999995,-1
241,242,1565431787716,-0.5667,-0.0792,-2.8799,8.711072999999999,-0.5065460999999999,-4.6536865,-1
242,243,1565431787726,-0.88909996,-0.25239998,-2.2766,8.569691,-0.6243599,-3.8772278,-1
243,244,1565431787736,-1.0439,-0.36159998,-1.2505,8.50249,-0.76073366,-2.285821,-1
244,245,1565431787746,-1.0899,-0.41279998,-0.028099999,8.528367,-0.78027034,-1.2509991000000003,-1
245,246,1565431787756,-1.0859,-0.3935,1.1069,8.42172,-0.7593066999999999,-0.06959466,-1
246,247,1565431787767,-1.2577,-0.3621,1.8977,8.209497,-0.7758649999999999,0.5112291,-1
247,248,1565431787777,-1.5661,-0.3955,2.3827,7.787178999999999,-0.9863249,0.62092185,-1
248,249,1565431787787,-1.9426999,-0.5607,2.2361,7.657260400000001,-1.3115629,0.49747682,-1
249,250,1565431787797,-2.0145,-0.7773,2.0665998,7.873523700000001,-1.3958195,1.040951,-1
250,251,1565431787807,-1.7207999,-0.80979997,2.7275,8.495279,-1.3040355,2.1231014999999998,-1
251,252,1565431787818,-1.189,-0.6604,3.5347998,8.864053,-1.2951576999999999,2.7361417,-1
252,253,1565431787828,-0.5416,-0.5322,4.6161,9.157755,-1.3084023999999999,3.3384366,-1
253,254,1565431787838,-0.6125,-0.7047,4.8044,9.033936,-1.5932455,3.591906,-1
254,255,1565431787848,-0.8289,-0.8601,4.9728,8.877059,-1.759269,3.7956142,-1
255,256,1565431787858,-1.0138,-1.1251,5.1541,8.676232,-2.1194909,4.06862,-1
256,257,1565431787868,-1.089,-1.2238,5.417000000000001,8.616378,-2.2370653,4.2983775,-1
257,258,1565431787878,-1.089,-1.2238,5.417000000000001,8.766647,-2.309744,4.580490599999999,-1
258,259,1565431787888,-0.6933,-1.1395998999999999,5.7377,8.996098,-2.2783701,4.617783,-1
259,260,1565431787898,-0.3491,-1.0332999,5.3585997,9.240029,-2.230515,4.3913107,-1
260,261,1565431787908,0.027099999,-0.8958,4.3677998,9.68786,-2.1653830000000003,3.1865674999999998,-1
261,262,1565431787918,0.027099999,-0.8958,4.3677998,9.944345,-2.0907893,2.3305352000000004,-1
262,263,1565431787928,0.3753,-0.78319997,2.4522,10.005599,-2.1910967999999995,1.1414692,-1
263,264,1565431787938,0.3268,-0.70669997,1.9963,9.906068,-2.1514776,0.5713236,-1
264,265,1565431787948,0.1618,-0.5589999999999999,1.9986,9.743348,-2.0744321,0.5222903,-1
265,266,1565431787959,0.0756,-0.47509998,2.0305,9.6331,-2.0027785,0.49022716,-1
266,267,1565431787969,0.039,-0.3234,2.2268,9.584621,-1.9216628,0.56870914,-1
267,268,1565431787979,0.062299997,-0.1779,1.959,9.612347,-1.8106581000000002,0.059222974000000005,-1
268,269,1565431787989,0.3227,-0.0072999996999999995,1.0517,9.81976,-1.7091249,-0.7913603,-1
269,270,1565431787999,0.72279996,0.2174,-0.3238,10.286602,-1.4908215,-2.6722834,-1
270,271,1565431788010,1.038,0.3062,-1.9461998999999999,10.4697,-1.5052346,-3.9698644,-1
271,272,1565431788020,1.3268,0.1144,-3.2124,10.764101,-1.8219683999999998,-5.594876,-1
272,273,1565431788030,1.3268,0.1144,-3.2124,10.955991000000001,-1.9428182,-6.0980796999999995,-1
273,274,1565431788040,2.0567,-0.06359999599999999,-3.6794,11.492341,-2.0042534,-5.96026,-1
274,275,1565431788050,2.5537,0.0405,-3.2696,11.983995,-1.8807508000000002,-5.703371499999999,-1
275,276,1565431788060,2.8713999,0.1809,-3.0818,12.181142999999999,-1.7691904999999999,-5.7439865999999995,-1
276,277,1565431788071,2.9884999,0.3475,-3.3667998,12.219508,-1.5993841999999998,-6.0826225,-1
277,278,1565431788081,2.8156,0.4732,-3.853,11.967379,-1.448923,-6.8012567,-1
278,279,1565431788091,2.5486999,0.5412,-4.3451,11.619052,-1.3285617,-7.3849826,-1
279,280,1565431788101,2.3566,0.61469996,-4.4853,11.502415,-1.2195585,-7.421336,-1
280,281,1565431788111,2.3285,0.74619997,-4.3018,11.501553999999999,-1.0245651,-7.238438,-1
281,282,1565431788122,2.3163,0.8792,-3.9943998,11.451649,-0.9117503,-7.0158443,-1
282,283,1565431788132,2.2107,0.84849995,-3.6265,11.327342,-0.92164314,-6.5441575,-1
283,284,1565431788142,2.1383997999999997,0.7924,-3.2005,11.374096,-0.96678823,-6.18294,-1
284,285,1565431788152,2.2661,0.7511,-3.0502,11.494686,-0.9599694999999999,-6.0025889999999995,-1
285,286,1565431788162,2.349,0.6451,-2.7625,11.554666000000001,-1.1502894,-5.50019,-1
286,287,1565431788173,2.31,0.4901,-2.3606,11.500461999999999,-1.2743474,-5.2325277,-1
287,288,1565431788183,2.1889,0.22489999,-2.1664,11.32399,-1.5936955,-4.8350805999999995,-1
288,289,1565431788193,1.9962,-0.054199997,-1.8534,11.124974,-1.754586,-4.5127825999999995,-1
289,290,1565431788203,1.6833999,-0.1929,-1.4979,10.805147,-1.9325134999999998,-4.0903883,-1
290,291,1565431788213,1.3977,-0.41700000000000004,-1.2961999,10.614597,-1.9861531000000003,-3.8401463,-1
291,292,1565431788224,1.1006,-0.4525,-1.0503,10.276268,-1.9356164,-3.5218803999999997,-1
292,293,1565431788234,0.8134,-0.46649998,-0.9704,10.084081,-1.9024421999999999,-3.4296843999999997,-1
293,294,1565431788247,0.5572,-0.4592,-0.87469995,9.790982000000001,-1.8020294,-3.0615232000000003,-1
294,295,1565431788259,-0.1267,-0.3518,-0.6148,9.239071000000001,-1.5903628,-2.9105449,-1
295,296,1565431788269,-0.54609996,-0.29009998,-0.6041,8.943273,-1.4657686,-2.8279542999999996,-1
296,297,1565431788279,-0.9540000000000001,-0.19649999,-0.3039,8.496371,-1.2428397,-2.4048893,-1
297,298,1565431788289,-1.3594998999999999,-0.1467,-0.036199998,8.187336,-1.1327351,-2.148164,-1
298,299,1565431788299,-1.7917,-0.1378,0.42459998,7.657739,-1.0054306999999998,-1.5223196,-1
299,300,1565431788309,-2.5251,-0.1557,0.9799,7.054784,-0.95289224,-1.0363733,-1
300,301,1565431788320,-3.3056997999999997,-0.4001,1.7213999,6.184137000000001,-1.1473781,-0.118685365,-1
301,302,1565431788330,-3.7222,-0.55799997,2.1938,5.8882900000000005,-1.1895351,0.28703603,-1
302,303,1565431788340,-3.6671,-0.603,2.1296,6.00937,-1.1835688,0.29018682,-1
303,304,1565431788350,-3.3485,-0.6206,1.9621998999999999,6.2916555,-1.1855799999999999,0.17682615,-1
304,305,1565431788360,-2.9355,-0.66429996,1.8676,6.803756,-1.1981543,0.11431834,-1
305,306,1565431788370,-2.3659,-0.62149996,1.7084,7.5010147,-1.1516876,-0.009921572,-1
306,307,1565431788381,-1.834,-0.5083,1.4771,7.9324884,-1.0418608,-0.23209392,-1
307,308,1565431788391,-1.4281,-0.3114,1.0196999,8.33935,-0.8492042,-0.90845585,-1
308,309,1565431788401,-1.1685,-0.1915,0.2853,8.525808999999999,-0.7127826,-1.4858798999999998,-1
309,310,1565431788411,-1.0842,-0.022799998999999998,-0.2817,8.532685,-0.5134029999999999,-1.8517905,-1
310,311,1565431788421,-1.2631999,0.0274,-0.1802,8.329993,-0.51864153,-1.6519129000000001,-1
311,312,1565431788431,-1.5687,-0.1264,0.3223,7.979855000000001,-0.6360628,-0.9795924000000001,-1
312,313,1565431788442,-1.7646998999999999,-0.2023,1.0001,7.910758500000001,-0.6056756,-0.22655852,-1
313,314,1565431788452,-1.7342,-0.17300000000000001,1.5049,8.009323,-0.58177185,-0.10645579,-1
314,315,1565431788462,-1.5462999,-0.1722,1.3915,8.300889,-0.51546204,-0.40208223,-1
315,316,1565431788472,-1.2606,-0.0718,1.0285,8.52173,-0.40865192,-0.783469,-1
316,317,1565431788482,-0.9953,0.007999999,0.5412,8.79079,-0.35057816,-1.353653,-1
317,318,1565431788493,-0.7403,0.082899995,0.010199999,9.020855000000001,-0.29309818,-1.845374,-1
318,319,1565431788503,-0.52459997,0.1399,-0.5015,9.245813,-0.23396139,-2.1793842,-1
319,320,1565431788513,-0.387,0.17549999,-0.49179998,9.288995,-0.2772294,-2.0628347,-1
320,321,1565431788523,-0.3082,0.1296,-0.31399998,9.4314785,-0.27825412,-1.9012740000000001,s
321,322,1565431788533,-0.2199,0.1498,-0.1961,9.457747999999999,-0.23236206,-1.7919643,-1
322,323,1565431788543,-0.19039999,0.18699999,0.0105,9.428452499999999,-0.24757004,-1.4573791999999999,-1
323,324,1565431788554,-0.28800000000000003,0.1732,0.2402,9.316164,-0.20850624,-1.3106626000000001,-1
324,325,1565431788564,-0.4342,0.19849999,0.3541,9.169582,-0.20218554,-1.3702590000000001,-1
325,326,1565431788574,-0.5216,0.2059,0.1836,9.155667,-0.2005958,-1.5613928999999998,-1
326,327,1565431788584,-0.47200000000000003,0.20699999,0.0099,9.254729,-0.17093644,-1.6101485,-1
327,328,1565431788594,-0.3539,0.2315,0.060399997999999996,9.472083999999999,-0.19549136,-1.6263142,-1
328,329,1565431788604,-0.1768,0.1995,0.0133,9.5518875,-0.22476766,-1.6232497,-1
329,330,1565431788615,-0.0876,0.1986,0.045599997,9.654838999999999,-0.26546907,-1.6144676000000002,-1
330,331,1565431788625,0.031,0.1486,0.0301,9.7311945,-0.33497754,-1.6493273000000002,-1
331,332,1565431788635,0.061499998,0.0687,0.0635,9.70345,-0.39465064,-1.5535017,-1
332,333,1565431788645,0.0717,-0.022699999,0.21079999,9.729155,-0.54410625,-1.3559705,-1
333,334,1565431788656,0.0614,-0.087299995,0.3936,9.717365,-0.48295838,-1.2080183999999998,-1
334,335,1565431788666,0.0704,-0.0354,0.41759998,9.727909,-0.46379516,-1.3231604,-1
335,336,1565431788676,0.0398,-0.014099998999999998,0.214,9.612078,-0.46992436,-1.5842048999999998,-1
336,337,1565431788686,-0.1083,-0.0233,0.0501,9.4251585,-0.5139202,-1.7679839,-1
337,338,1565431788696,-0.2463,-0.0521,-0.1304,9.414135,-0.47070962,-2.1160913,-1
338,339,1565431788707,-0.22699999999999998,-0.0109,-0.6134,9.566339,-0.44048524,-2.2336082000000004,-1
339,340,1565431788717,-0.1095,0.0315,-0.6058,9.638357000000001,-0.45576980000000006,-1.9920906999999999,-1
340,341,1565431788727,0.2348,0.0387,-0.0123,9.9051285,-0.43181822,-1.6565481,-1
341,342,1565431788738,0.2348,0.0387,-0.0123,10.04427,-0.37537253,-1.3837816,s
342,343,1565431788748,0.38169998,0.0955,0.5949,10.051376,-0.37067032,-1.0348122,-1
343,344,1565431788758,0.2634,0.070599996,0.7008,9.911909,-0.40307823,-0.9287011999999999,-1
344,345,1565431788768,0.1547,0.093899995,0.62869996,9.829596,-0.35911109999999996,-0.99928236,-1
345,346,1565431788778,0.1335,0.12789999,0.30699998,9.772451,-0.32074640000000004,-1.3631723,-1
346,347,1565431788789,0.092599995,0.1627,0.0039999996999999995,9.763813,-0.28682540000000006,-1.6015965,-1
347,348,1565431788800,0.0521,0.18779999,0.1055,9.730361,-0.26895505,-1.4980425,-1
348,349,1565431788810,0.0901,0.086399995,0.1182,9.759139999999999,-0.3482797,-1.4813021,-1
349,350,1565431788820,0.19669999,0.0641,0.2976,9.909993,-0.37539166,-1.2394782,-1
350,351,1565431788830,0.3627,0.0815,0.5882,10.042392999999999,-0.34888306,-1.00386,-1
351,352,1565431788841,0.431,0.039,0.89089996,10.106845,-0.37888720000000004,-0.63992226,-1
352,353,1565431788851,0.37199998,0.024699999,1.0969,10.036159,-0.44267829999999997,-0.41574833,-1
353,354,1565431788861,0.3035,-0.048899997,1.2754999,9.940888000000001,-0.49536030000000003,-0.28486213,-1
354,355,1565431788871,0.235,-0.063,1.3267,9.89739,-0.45083776,-0.24067473,-1
355,356,1565431788882,0.20549999,-0.085599996,1.3955,9.901662,-0.4901793,-0.17636646,-1
356,357,1565431788892,0.2642,-0.0287,1.4833,10.025805,-0.42250955,-0.11893436,-1
357,358,1565431788902,0.45049998,-0.0002,1.3953999,10.250641,-0.32165623,-0.35351825,-1
358,359,1565431788912,0.5877,0.1451,1.0715,10.286114,-0.2421304,-0.6202706,-1
359,360,1565431788922,0.4992,0.1885,0.79719996,10.086915,-0.23694935,-0.9731376,-1
360,361,1565431788932,0.3524,0.10969999400000001,0.48749998,9.98317,-0.26688644,-1.2205353,-1
361,362,1565431788943,0.2852,0.14459999,0.313,9.950550999999999,-0.15930060000000001,-1.263516,-1
362,363,1565431788953,0.2976,0.226,0.39159998,10.023498,-0.14251247,-1.1465832,-1
363,364,1565431788963,0.34989998,0.2951,0.5622,10.010321000000001,-0.04774996,-0.96220094,-1
364,365,1565431788973,0.30449998,0.29299998,0.78349996,9.803787,0.0088777,-0.68890756,-1
365,366,1565431788983,0.1024,0.29,1.0353,9.5833,0.03541503,-0.6588364000000001,-1
366,367,1565431788994,-0.2075,0.2689,1.0013,9.321336,-0.02615426,-0.8490318000000001,-1
367,368,1565431789004,-0.4883,0.2324,0.5923,9.079656,-0.038814798,-1.5273187,-1
368,369,1565431789014,-0.6023,0.21169999,-0.0818,9.084118,-0.03037763,-2.231348,-1
369,370,1565431789024,-0.4707,0.1489,-0.88269997,9.393794,-0.06131072,-3.0014098,-1
370,371,1565431789034,-0.121,0.20879999,-1.319,9.625083,-0.03536715,-3.2392304,-1
371,372,1565431789044,0.13679999,0.2287,-1.5485,9.887038,-0.08470686,-3.527885,-1
372,373,1565431789054,0.2906,0.1165,-1.6703,9.904228,-0.16490303,-3.4978519999999995,-1
373,374,1565431789065,0.247,0.067999996,-1.5827999,9.781108999999999,-0.18910362,-3.5073906999999998,-1
374,375,1565431789075,0.0488,0.018299998999999997,-1.6297,9.370493,-0.21072806,-3.7259523999999997,-1
375,376,1565431789085,-0.38419998,-0.039699998,-1.8026999,8.991903,-0.25415888,-3.9649989999999997,-1
376,377,1565431789095,-0.80759996,-0.14289999,-2.0553,8.66317,-0.33019873,-4.131884599999999,-1
377,378,1565431789105,-1.1429,-0.18869999,-2.1728,8.317542999999999,-0.30935958,-4.294556,-1
378,379,1565431789115,-1.3022,-0.251,-2.1962,8.3874445,-0.31749988,-4.2797117,-1
379,380,1565431789126,-1.1484,-0.2374,-2.1452,8.522363,-0.20900422,-4.3262653,-1
380,381,1565431789136,-0.99539995,-0.109799996,-2.2363,8.600404,-0.1283771,-4.612602,-1
381,382,1565431789146,-0.9813,-0.08549999400000001,-2.4917,8.576624,-0.12611696,-4.924174,-1
382,383,1565431789156,-1.0375999,-0.127,-2.7942998,8.402203,-0.095136,-5.139585,-1
383,384,1565431789166,-1.1929,-0.088199995,-2.964,8.250783,-0.11238383,-5.545287,-1
384,385,1565431789176,-1.3199999,-0.1173,-3.345,8.332108999999999,-0.096946016,-6.2314463,-1
385,386,1565431789187,-1.1640999,-0.1065,-4.2318,8.795885,0.16166608,-7.019512,-1
386,387,1565431789197,-0.774,0.109,-4.8202,9.040611,0.27778485,-6.838539,-1
387,388,1565431789207,-0.502,0.24949999,-4.5768,9.015788,0.39648938,-6.145455999999999,-1
388,389,1565431789218,-0.5633,0.31239998,-3.971,8.679200999999999,0.37024894,-5.6939955,-1
389,390,1565431789228,-1.6683999,-0.012399998999999998,-2.6220999,7.919157000000001,0.15080597,-4.7550473,-1
390,391,1565431789238,-1.6683999,-0.012399998999999998,-2.6220999,7.550670599999999,0.053553507,-4.270231,-1
391,392,1565431789248,-2.1517,-0.17799999,-1.7714,7.443410000000001,0.035089422,-3.8409507000000005,-1
392,393,1565431789258,-2.1517,-0.17799999,-1.7714,7.642646000000001,-0.06559155,-3.5467800000000005,-1
393,394,1565431789268,-1.3928,-0.2509,-1.1477,8.23524,-0.07800309,-3.0952623,-1
394,395,1565431789279,-0.7028,-0.3321,-1.3148999,9.057486,-0.18547401,-3.2869803999999996,-1
395,396,1565431789289,-0.1417,-0.32259998,-1.6797999,9.515171,-0.2102109,-3.4576294,-1
396,397,1565431789299,0.145,-0.36949998,-1.4117,9.824060000000001,-0.29930395,-2.943077,-1
397,398,1565431789309,0.0116,-0.5956,-0.49469998,9.693031,-0.5097064,-2.0920823,-1
398,399,1565431789319,-0.2674,-0.9518,0.6605,9.3782215,-0.92175806,-0.5858324,-1
399,400,1565431789330,-0.56409997,-1.1403999,2.0489,9.149738000000001,-1.0429908,0.6466739,-1
400,401,1565431789340,-0.8876,-1.3312,3.1952999,8.800981,-1.2380226,2.0230622,-1
401,402,1565431789350,-1.0919,-1.4209,3.8588998,8.619299,-1.2557396,2.784811,-1
402,403,1565431789360,-1.0505999,-1.3264999,4.357599700000001,8.728003999999999,-1.175735,3.2664763999999997,-1
403,404,1565431789370,-0.8131,-1.1452,4.9323,8.927959,-1.0179955,3.785482,-1
404,405,1565431789380,-0.5069,-0.90639997,5.3487,9.291025,-0.76909417,4.2478404,-1
405,406,1565431789391,-0.23979999,-0.7405,4.85,9.63466,-0.58186764,3.4874422999999997,-1
406,407,1565431789401,0.008599999,-0.58309996,3.9752,9.810835,-0.46733859999999994,2.867928,-1
407,408,1565431789411,0.132,-0.46789998,3.4726,9.913775999999999,-0.3981366,2.5062501,-1
408,409,1565431789421,0.1891,-0.4272,3.4354,9.96303,-0.3840874,2.5845025,-1
409,410,1565431789432,0.1599,-0.4034,3.8406,9.940064,-0.3554815,2.9415066000000003,-1
410,411,1565431789442,-0.06359999599999999,-0.3484,4.3810997,9.647963,-0.29173824,3.5289671,-1
411,412,1565431789452,-0.3351,-0.2988,4.4216,9.327819,-0.215459,3.3109319999999998,-1
412,413,1565431789462,-0.50769997,-0.2324,3.9306997999999997,9.242787,-0.14556746,2.787703,-1
413,414,1565431789472,-0.5911,-0.057699997,3.2203,9.123391999999999,0.11485464,1.9798324,-1
414,415,1565431789482,-0.72319996,0.0501,2.8948,8.879854,0.19900604,1.8354526000000002,-1
415,416,1565431789493,-1.041,0.0526,2.9155,8.644294,0.16914557,1.7542508,-1
416,417,1565431789503,-1.1820998999999999,0.0503,2.7986999,8.542885,0.20597796,1.478113,-1
417,418,1565431789513,-1.2054,0.104899995,2.4856,8.51811,0.21637838,1.1036887,-1
418,419,1565431789523,-1.2476,0.0788,2.1071,8.415255,0.12778333,0.5011256,-1
419,420,1565431789533,-1.3773,0.0066,1.6342,8.287481,0.07144298,0.06426038,-1
420,421,1565431789544,-1.4771999,0.0348,0.9658,8.195572,0.063427195,-0.9227062,-1
421,422,1565431789554,-1.5575,-0.0047,0.2942,8.073525,0.046409205,-1.2457989999999999,-1
422,423,1565431789564,-1.8634,-0.0559,0.2972,7.575130000000001,-0.1524053,-1.1864706,-1
423,424,1565431789574,-2.2965,-0.1776,0.4179,7.226936,-0.2333772,-1.1907035,-1
424,425,1565431789584,-2.7294,-0.2699,0.2823,6.687149000000001,-0.34159509999999993,-1.4241382,-1
425,426,1565431789594,-3.1917,-0.3313,0.2634,6.06073,-0.44767740000000006,-1.3219441,-1
426,427,1565431789605,-3.7122998,-0.3802,0.4315,5.5111074,-0.4391349,-1.1073374,-1
427,428,1565431789615,-4.3996,-0.3651,0.7646,5.018429,-0.458662,-0.8358158000000001,-1
428,429,1565431789625,-4.95,-0.41979998,1.123,4.4650903,-0.5876329,-0.657103,-1
429,430,1565431789635,-5.2555,-0.41200000000000003,1.1831,4.4617379999999995,-0.5303923,-1.0148925,-1
430,431,1565431789646,-5.0901,-0.2791,0.71059996,4.8697870000000005,-0.52218497,-1.8059846000000002,-1
431,432,1565431789656,-4.5415,-0.2679,-0.32299998,5.624947,-0.5285823000000001,-2.9878583,-1
432,433,1565431789666,-3.8528998,-0.099,-1.1233,6.436715,-0.49427816,-3.5786133,-1
433,434,1565431789676,-3.1510000000000002,0.0063,-1.5507,6.822201299999999,-0.56458145,-3.6848582999999997,-1
434,435,1565431789687,-2.6627,-0.015999998999999997,-1.5913,7.1624365,-0.9175825999999999,-3.7136366,-1
435,436,1565431789697,-2.3983998,-0.2261,-1.5620999,7.459662,-1.1620977,-3.7564259,-1
436,437,1565431789707,-1.9470999,-0.45549998,-1.5059999,8.445594999999999,-1.30959,-3.6092972999999997,-1
437,438,1565431789717,-1.0728999,-0.4276,-1.3533,9.310984,-1.2410583,-3.5174269999999996,-1
438,439,1565431789728,1.0701,-0.2809,-1.2322,10.534488,-1.3513066999999999,-3.5825110000000002,-1
439,440,1565431789738,1.974,-0.2954,-1.5245,11.2699,-1.4218016000000002,-3.8542623999999996,-1
440,441,1565431789748,1.974,-0.2954,-1.5245,12.186975,-1.5941169,-4.380278,-1
441,442,1565431789759,3.5189998,-0.3848,-1.8168,13.073797,-1.7229729,-4.1873245,-1
442,443,1565431789769,4.1618,-0.2881,-1.3742,13.566639000000002,-1.6896935000000002,-3.8434693999999996,-1
443,444,1565431789780,4.3824997,-0.2109,-1.0275999,13.755177,-1.704777,-3.4870492999999994,-1
444,445,1565431789790,4.2097,-0.3378,-1.1238999,13.482938,-1.9267193999999999,-3.7108305,-1
445,446,1565431789801,3.9668,-0.4001,-1.2929,13.264845000000001,-1.9758102,-3.8273612999999997,-1
446,447,1565431789811,3.7328,-0.4743,-1.3077999,13.0244,-2.1283114,-3.8570491999999996,-1
447,448,1565431789821,3.7036998,-0.5408,-1.1594,13.047422000000001,-2.1533927999999998,-3.643362,-1
448,449,1565431789831,3.7517998,-0.4052,-0.73939997,13.069507000000002,-2.0713675,-3.1472835999999997,-1
449,450,1565431789841,3.6308,-0.364,-0.5108,12.886369,-2.0653245,-3.0551738999999998,-1
450,451,1565431789851,3.2024999,-0.4181,-0.41709998,12.271117,-2.2229012999999997,-2.9780805,-1
451,452,1565431789862,2.6838999,-0.4881,-0.445,11.91099,-2.2571385,-3.045032,-1
452,453,1565431789872,2.4290000000000003,-0.4033,-0.5539,11.668382000000001,-2.1078935000000003,-3.1286563999999997,-1
453,454,1565431789882,2.2321,-0.24149999,-0.7436,11.524757000000001,-2.0094726,-3.3182485,-1
454,455,1565431789892,2.0830998,-0.1909,-0.8567,11.29095,-1.9458538,-3.3050040000000003,-1
455,456,1565431789902,1.8154,-0.08800000000000001,-0.69449997,11.054671,-1.8517236000000001,-3.1724322,-1
456,457,1565431789912,1.3893,-0.0328,-0.72789997,10.56114,-1.8343512,-3.1930704,-1
457,458,1565431789922,0.98069996,-0.036399997999999996,-0.6156,10.245172,-1.7960534,-3.0502322,-1
458,459,1565431789932,0.64059997,0.119799994,-0.4107,9.981283,-1.6330850000000001,-2.8757236,-1
459,460,1565431789942,0.123799995,0.2216,-0.12419999400000001,9.390902,-1.5022178999999998,-2.520309,-1
460,461,1565431789952,-0.3829,0.2914,0.28149998,8.797724,-1.3463937,-2.0363738999999996,-1
461,462,1565431789962,-0.752,0.3646,0.6084,8.54369,-1.3232274,-1.7740460999999998,-1
462,463,1565431789972,-0.96379995,0.4258,0.7445,8.406281,-1.2065053,-1.7134726000000002,-1
463,464,1565431789983,-0.8515,0.5658,0.5126,8.734527,-0.8916869000000001,-2.2474467999999996,-1
464,465,1565431789993,-0.4939,0.8131,-0.0288,9.00329,-0.79843754,-2.5395967999999995,-1
465,466,1565431790003,-0.2532,0.83809996,-0.2563,9.237356,-0.8989365,-2.589511,-1
466,467,1565431790013,-0.13859999,0.74259996,-0.1917,9.24588,-0.9899065999999999,-2.5004947,-1
467,468,1565431790024,-0.19899999999999998,0.60359997,-0.0791,9.1081085,-1.1509790000000002,-2.2871330000000003,-1
468,469,1565431790034,-0.36679998,0.4976,0.118099995,8.850721,-1.2427152,-2.1291729999999998,-1
469,470,1565431790044,-0.5638,0.3922,0.267,8.677698,-1.3177112,-2.0480191999999997,-1
470,471,1565431790054,-0.7313,0.3259,0.3083,8.722355,-1.264761,-2.1212053,-1
471,472,1565431790066,-0.66249996,0.3822,0.2223,8.814387,-1.2936254999999999,-2.144563,-1
472,473,1565431790076,-0.50409997,0.3074,0.2549,9.007609,-1.4735258,-2.1500316,-1
473,474,1565431790086,-0.33499998,0.1294,0.1803,9.174533,-1.5839558999999999,-2.2649722000000003,-1
474,475,1565431790096,-0.0968,0.0427,0.0266,9.358025,-1.642116,-2.4993072,s
475,476,1565431790106,0.0037,0.0058,-0.1577,9.409183500000001,-1.7727436,-2.6502185000000003,-1
476,477,1565431790116,0.024899999,-0.1498,-0.28689998,9.384878,-1.9101324,-2.5581758,-1
477,478,1565431790126,0.0158,-0.2192,-0.1532,9.406292,-1.9483535,-2.2680368,-1
478,479,1565431790136,0.0262,-0.2511,0.098799996,9.4296875,-1.9368805,-2.0702088,-1
479,480,1565431790147,0.0655,-0.2547,0.32009998,9.409969,-2.0426561999999997,-1.8606776999999999,-1
480,481,1565431790157,0.025999999,-0.3372,0.5405,9.494877,-2.0987093,-1.9215765999999999,-1
481,482,1565431790167,0.26029998,-0.3171,0.0285,9.638655,-2.0385478,-2.3088818,-1
482,483,1565431790178,0.2891,-0.2563,0.053999998,9.677517,-1.981652,-2.3251432999999997,-1
483,484,1565431790187,0.2891,-0.2563,0.053999998,9.561455,-1.9614162,-2.0832715,-1
484,485,1565431790197,0.1805,-0.23809999,0.2582,9.423558,-1.9648063999999998,-2.0232823,-1
485,486,1565431790207,0.0223,-0.24239999,0.2853,9.374688,-1.8686839,-2.2320087,-1
486,487,1565431790217,-0.0084999995,-0.15959999,0.0972,9.382848,-1.7886793999999997,-2.314877,-1
487,488,1565431790228,-0.0101,-0.0479,-0.022599999,9.439475999999999,-1.6909001000000001,-2.535929,-1
488,489,1565431790238,0.0466,0.0134,-0.2017,9.491689,-1.5258056,-2.4752598,-1
489,490,1565431790248,0.1326,0.2092,-0.1056,9.346034,-1.4114393,-2.2095418,-1
490,491,1565431790259,-0.3617,0.2322,0.3184,8.971878,-1.4230655,-1.9981145,-1
491,492,1565431790269,-0.5692,0.2314,0.4177,8.824530000000001,-1.4180282,-1.9075658,-1
492,493,1565431790279,-0.53069997,0.2854,0.2023,8.891664,-1.3741568000000002,-2.1673560000000003,-1
493,494,1565431790289,-0.3938,0.32569999,0.013599999,9.00332,-1.326876,-2.3118699,-1
494,495,1565431790300,-0.2663,0.37849998,0.0208,9.135010000000001,-1.2924284,-2.2830147999999997,-1
495,496,1565431790310,-0.2367,0.31489998,0.1357,9.161126,-1.3464895000000001,-2.1849675,s
496,497,1565431790320,-0.24659999,0.2218,0.2395,9.155944,-1.4691205,-2.020668,-1
497,498,1565431790330,-0.24659999,0.118999995,0.53999996,9.15018,-1.5439345,-1.777216,-1
498,499,1565431790340,-0.168,0.13419999,0.5857,9.257257000000001,-1.5383512,-1.7279528000000002,-1
499,500,1565431790351,-0.0208,0.1604,0.5322,9.367448,-1.5254033,-1.8246689999999999,-1
500,501,1565431790361,-0.0011999999,0.098799996,0.4192,9.376508,-1.6104071000000002,-1.8686839,-1
501,502,1565431790371,-0.050499998,-0.0206,0.4023,9.382963,-1.7484376,-1.8682052,-1
502,503,1565431790381,0.066599995,-0.1083,0.42209998,9.470312,-1.8319283,-1.8271781000000002,-1
503,504,1565431790392,0.36049998,-0.1157,0.4606,9.896988,-1.8104857,-1.7584645,-1
504,505,1565431790402,0.7136,-0.034199997999999995,0.4218,10.189608,-1.7633487,-1.8822256000000002,-1
505,506,1565431790412,0.97849995,-0.032199997,0.1488,10.441315,-1.8005354,-2.2358205,-1
506,507,1565431790422,1.0958999,-0.0827,-0.0354,10.568254,-1.9088491,-2.275775,-1
507,508,1565431790432,1.2325,-0.2065,-0.0512,10.794813000000001,-1.9770743999999998,-2.297428,-1
508,509,1565431790443,1.5841,-0.1573,-0.076699995,11.1993475,-1.8708099999999999,-2.4186034,-1
509,510,1565431790452,1.9244,-0.151,-0.2729,11.464328,-1.9377613999999999,-2.5574286,-1
510,511,1565431790462,2.2841,-0.22549999,-0.3897,11.778735000000001,-1.9649116999999998,-2.6288526,-1
511,512,1565431790472,2.5834,-0.24569999,-0.4407,12.1085415,-2.005709,-2.7163367000000003,-1
512,513,1565431790482,2.8618999,-0.3391,-0.5913,12.418811,-2.1290869999999997,-2.891018,-1
513,514,1565431790493,3.1397,-0.4265,-0.7033,12.65281,-2.1264822,-2.8864113999999996,-1
514,515,1565431790503,3.3971,-0.44939998,-0.7765,12.996224,-2.1773062000000003,-3.0403583,-1
515,516,1565431790513,3.6725998,-0.46829998,-0.98969996,13.175512,-2.0858380000000003,-3.2843182,-1
516,517,1565431790523,3.7591998999999996,-0.44669998,-1.5122,13.185357000000002,-1.9975591000000001,-3.9953672999999994,-1
517,518,1565431790533,3.6369,-0.3575,-2.0901,12.993859,-1.8451633,-4.230363,-1
518,519,1565431790544,3.199,-0.2331,-2.1972,12.352673,-1.6693331999999999,-4.1066303,-1
519,520,1565431790554,2.6818,-0.1999,-1.8993,11.90897,-1.4959930000000001,-3.5671498999999995,-1
520,521,1565431790564,2.3613,-0.0859,-1.4308,11.731225,-1.3098295,-3.25304,-1
521,522,1565431790574,2.1292,0.0556,-1.2091,11.553889999999999,-1.1062743999999998,-3.2238022999999996,-1
522,523,1565431790584,1.8672999,0.1683,-1.3462,11.266117,-0.9276095,-3.3442879999999997,-1
523,524,1565431790594,1.6743,0.19309999,-1.3794,11.142509,-0.8078132,-3.299727,-1
524,525,1565431790605,1.5203999,0.21609999,-1.3574,11.036897,-0.6949793000000001,-3.1111883999999996,-1
525,526,1565431790615,1.3364999,0.29389998,-1.0862,10.801269,-0.5497565999999999,-2.8401074,-1
526,527,1565431790625,0.9852,0.3667,-1.0278,10.415745,-0.37023935,-2.9793444,-1
527,528,1565431790635,0.6432,0.405,-1.3495,9.900005,-0.2078167,-3.3149830000000002,-1
528,529,1565431790645,0.15439999,0.4193,-1.6563,9.441533999999999,-0.14603673,-3.3686992999999994,-1
529,530,1565431790655,-0.4996,0.39,-1.7169999999999999,8.629508,-0.16029659,-3.2256122000000005,-1
530,531,1565431790667,-1.1515,0.24059999,-1.6265,8.217207,-0.22672133,-2.9673352000000004,-1
531,532,1565431790677,-1.6243,0.0832,-1.2069,7.882785,-0.17718050000000002,-2.1543217,-1
532,533,1565431790688,-1.8787999,0.0285,-0.42729998,7.577572,-0.15252022,-0.9509003,-1
533,534,1565431790698,-2.1313999,-0.0504,0.48349997,7.396493400000001,-0.08246588,-0.31263486,-1
534,535,1565431790708,-2.7028,0.0837,1.5430000000000001,7.027413,0.18929517,0.21971111,-1
535,536,1565431790718,-2.9933,0.161,1.1371,6.679545,0.36920506,-0.23534046,-1
536,537,1565431790728,-3.4015,0.2351,0.72429997,6.338955400000001,0.49710329999999997,-0.5107407,-1
537,538,1565431790738,-3.4015,0.2351,0.72429997,6.0208907,0.5208347,-0.57190776,-1
538,539,1565431790749,-4.0582,0.0267,0.9339,5.687713,0.4044477,-0.19141163,-1
539,540,1565431790759,-4.276799700000001,-0.1275,1.6139,5.4373374000000005,0.30005094,0.68623567,-1
540,541,1565431790769,-4.513999999999999,-0.30429998,2.2222,5.231656,0.1911435,1.2054806,-1
541,542,1565431790779,-4.7114,-0.5412,2.5716999,5.0027323,-0.057661954,1.6405261999999998,-1
542,543,1565431790790,-4.8008,-0.65929997,2.8191,4.95956,-0.118024565,1.8642595000000002,-1
543,544,1565431790800,-4.8019,-0.6673,2.8953,4.9461718,-0.13394122,2.0130255,-1
544,545,1565431790810,-4.8915,-0.73399997,2.9840999,4.7373977,-0.24258052,2.0757058,-1
545,546,1565431790820,-5.138,-0.8407,3.0203998,4.557037,-0.2667811,2.0948881999999998,-1
546,547,1565431790831,-5.2471,-0.85789996,2.8581,4.5166903,-0.30608433,1.9576334,-1
547,548,1565431790841,-5.1601996,-0.97429997,2.5319998,4.659978400000001,-0.4699435,1.6328264,-1
548,549,1565431790851,-4.9649997,-1.0742999,2.6064,4.8292775,-0.59069747,1.7982179,-1
549,550,1565431790861,-4.8473,-1.0124,2.6931998999999998,4.94643,-0.55211246,1.6885154999999998,-1
550,551,1565431790871,-4.7288,-0.9375,2.2489,5.048299,-0.46970406,1.0641651,-1
551,552,1565431790882,-4.737,-0.8893,1.6935999,5.026866,-0.49645209999999995,0.6454768,-1
552,553,1565431790892,-4.6756,-0.8961,1.3810999,5.129079,-0.5454566,0.2779764,-1
553,554,1565431790902,-4.5051,-0.8096,1.3923999,5.267627,-0.49824294,0.32535285,-1
554,555,1565431790912,-4.3722,-0.72749996,1.778,5.401319,-0.53953815,0.8730983,-1
555,556,1565431790922,-4.3550997,-0.8257,2.4476,5.384368,-0.7330854,1.4808903999999998,-1
556,557,1565431790932,-4.3757,-0.97429997,2.7512,5.341646,-0.91467124,1.3131716999999998,-1
557,558,1565431790943,-4.3071,-1.0517,2.2405999,5.6031694000000005,-0.97370267,0.4109887,-1
558,559,1565431790953,-3.9136,-0.8989,1.5231,6.046643,-0.91587794,-0.32118696,-1
559,560,1565431790963,-3.2238,-0.6444,0.4551,6.8337316999999995,-0.68971205,-1.7156943999999998,-1
560,561,1565431790973,-2.6692,-0.4587,-0.475,7.133227000000001,-0.7094498,-2.3873734,-1
561,562,1565431790983,-2.1998,-0.38689998,-0.9993,7.822460700000001,-0.8775803,-2.9140978,-1
562,563,1565431790994,-1.5906,-0.42209998,-1.1884999,8.372608999999999,-0.94993305,-2.9986417000000003,-1
563,564,1565431791004,-0.7836,-0.35,-1.2049,9.424727,-1.0023851000000001,-3.3372010000000003,-1
564,565,1565431791014,0.22029999,-0.2802,-1.6786,10.255458,-1.0243927,-3.9929345,-1
565,566,1565431791024,1.2264,-0.1661,-2.5816,11.314155,-1.0215101,-5.379398,-1
566,567,1565431791034,2.063,-0.060399997999999996,-3.7127,12.022474,-1.1162822000000001,-6.170308,-1
567,568,1565431791045,2.5647,-0.0787,-3.9947998999999994,12.192798,-1.1818738000000002,-5.880179,-1
568,569,1565431791055,2.7078,-0.087699994,-3.4584,12.090182,-1.1938447,-5.426946599999999,-1
569,570,1565431791065,2.6125998,-0.0137,-3.0584998,11.917924000000001,-1.2193286,-5.359525700000001,-1
570,571,1565431791075,2.3269,0.0007,-2.9677,11.4985075,-1.3154413999999999,-5.2602142999999995,-1
571,572,1565431791085,1.999,-0.0668,-2.7610997999999998,11.385703,-1.3952928999999998,-5.0571194,-1
572,573,1565431791096,2.0423,-0.09999999400000001,-2.5737997999999997,11.874388,-1.3642353,-5.247994,-1
573,574,1565431791106,2.6341,0.0451,-2.9169998,12.480801,-1.2697216999999998,-5.708495,-1
574,575,1565431791116,3.3818,0.1929,-3.5763998,13.282859,-1.3388664,-6.5274653,-1
575,576,1565431791126,4.0104,0.1513,-4.1495,13.785344,-1.467071,-6.6290655,-1
576,577,1565431791136,4.4108,0.117599994,-4.1847997,13.924457,-1.614707,-6.364018,-1
577,578,1565431791147,4.5724998,-0.0128,-3.8665998,13.95742,-1.9132639999999999,-6.18089,-1
578,579,1565431791157,4.6119,-0.30249998,-3.675,14.0782795,-2.056016,-5.7266817,-1
579,580,1565431791167,4.6598,-0.2873,-2.6615999,14.042836,-2.0595114,-4.9591199999999995,-1
580,581,1565431791178,4.383899700000001,-0.31669998,-1.9700999,13.835095,-2.0982877999999996,-4.375921,-1
581,582,1565431791188,4.383899700000001,-0.31669998,-1.9700999,13.537889000000002,-2.1468039,-3.7781556000000003,-1
582,583,1565431791198,3.5892,-0.45889997,-0.4775,12.948638,-2.2439606,-2.3168976000000003,-1
583,584,1565431791209,3.3762999,-0.4746,0.4023,12.820078,-2.2430701,-1.6423075,-1
584,585,1565431791219,3.2603,-0.5778,0.99869996,12.719427,-2.353462,-0.79179126,-1
585,586,1565431791229,3.2224,-0.593,1.6287999,12.703452,-2.3520064,-0.24414153,-1
586,587,1565431791239,3.0964,-0.611,2.1404,12.559063,-2.3627324,0.46813348,-1
587,588,1565431791249,2.872,-0.6058,2.338,12.391947,-2.3424772999999997,0.6579745,-1
588,589,1565431791259,2.5881998999999998,-0.49269998,2.2826,12.019084,-2.1361833,0.66104865,-1
589,590,1565431791270,2.1469998,-0.34309998,1.9781,11.700051,-2.013514,0.46443683,-1
590,591,1565431791280,1.6861,-0.14819999,2.0161,11.164632000000001,-1.7435247,0.68458843,-1
591,592,1565431791290,1.2066,-0.0352,2.5012,10.590798,-1.5173397,1.3366348999999997,-1
592,593,1565431791300,0.6495,0.0858,3.0976,10.146282000000001,-1.3956567,1.8697374,-1
593,594,1565431791310,0.014699998999999998,0.1771,3.6265,9.3639145,-1.1229763000000001,2.4279215,-1
594,595,1565431791320,-0.7461,0.3595,3.8913,8.735255,-0.8806736,2.607889,-1
595,596,1565431791331,-1.4954,0.48209998,3.8398,7.917654,-0.723183,2.434453,-1
596,597,1565431791341,-2.0262,0.52239996,3.4536998,7.5688759999999995,-0.5805268,2.0975602,-1
597,598,1565431791351,-2.3279998,0.5348,2.9991999,7.264208999999999,-0.5462898,1.5569876,-1
598,599,1565431791361,-2.4699,0.405,2.8265,7.1956296,-0.6080793999999999,1.4819055,-1
599,600,1565431791371,-2.4619999999999997,0.2599,2.8562999,7.2711043,-0.6724929000000001,1.5586156999999998,-1
600,601,1565431791381,-2.3339,0.1563,2.9236,7.372464999999999,-0.7699465,1.5569302,-1
601,602,1565431791392,-2.3019,0.051,2.6938999,7.363358,-0.9297643,1.1387206,-1
602,603,1565431791402,-2.3374,-0.1573,2.3309,7.2994520000000005,-1.0495989,0.79933774,-1
603,604,1565431791412,-2.4405,-0.33399999999999996,1.9424,7.2083287,-1.2356571,0.26642677,-1
604,605,1565431791422,-2.4644,-0.4405,1.5071,7.196424499999999,-1.2770385,-0.17241125,-1
605,606,1565431791432,-2.4289,-0.46589997,1.122,7.2241683000000005,-1.2756020000000001,-0.5702414000000001,-1
606,607,1565431791443,-2.4313998,-0.5177,0.83849996,7.2702327,-1.3103466000000001,-1.1580371,-1
607,608,1565431791452,-2.2851999,-0.5168,0.326,7.4078035,-1.3068031999999998,-1.5482537,-1
608,609,1565431791462,-2.0389,-0.4425,-0.061699998,7.701160400000001,-1.2108818000000001,-2.1888080000000003,-1
609,610,1565431791472,-1.8111999,-0.4331,-0.6243,7.890569999999999,-1.2320944999999999,-2.6870507999999997,-1
610,611,1565431791482,-1.5344,-0.4423,-1.1108999,8.267992,-1.2238966999999998,-3.1585171,-1
611,612,1565431791493,-1.1888,-0.4129,-1.265,8.502605,-1.1237329,-3.2432048,-1
612,613,1565431791503,-0.96129996,-0.34579998,-1.3935,8.65798,-1.1659378999999999,-3.5379407,-1
613,614,1565431791514,-0.91179997,-0.3795,-1.5785999,8.714731,-1.1510843000000002,-3.7120851999999998,-1
614,615,1565431791525,-0.7364,-0.2582,-1.6829,8.917692,-0.8780974,-3.8654002999999997,-1
615,616,1565431791535,-0.5329,-0.0101,-1.8334999,9.145736,-0.63202137,-3.97471,-1
616,617,1565431791546,-0.40019998,0.1682,-1.8070998999999999,9.155188,-0.5075516,-3.955403,-1
617,618,1565431791556,-0.3673,0.3559,-1.7006999,9.14339,-0.30944577,-3.8223526,-1
618,619,1565431791566,-0.4244,0.45549998,-1.5726999,9.081303,-0.2975993,-3.5506587,-1
619,620,1565431791577,-0.5025,0.4283,-1.1958,9.024302,-0.26351540000000007,-3.0117142000000006,-1
620,621,1565431791587,-0.5025,0.46429998,-0.7436,9.061823,-0.25208070000000005,-2.7451725,-1
621,622,1565431791597,-0.4838,0.47759998,-0.56229997,9.190775,-0.22393447,-2.8205514,-1
622,623,1565431791607,-0.3287,0.52779996,-0.6821,9.3692875,-0.25722346,-3.0114076,-1
623,624,1565431791617,-0.1742,0.5054,-0.8552,9.490558,-0.38651994,-3.2217238,-1
624,625,1565431791627,-0.019399998999999998,0.3782,-1.0971999,9.6457405,-0.48131114,-3.1169825,-1
625,626,1565431791638,0.1547,0.29479998,-0.9205,9.87363,-0.6208931,-2.7166624,-1
626,627,1565431791648,0.32999998,0.17199999,-0.51,9.955149,-0.7680312,-2.1859446,-1
627,628,1565431791658,0.3971,0.057299998,-0.0906,9.999096,-0.758282,-2.0390650000000003,-1
628,629,1565431791668,0.29600000000000004,0.0647,-0.0191,9.855425,-0.77546275,-2.1027028999999997,-1
629,630,1565431791678,0.29600000000000004,0.0647,-0.0191,9.673886,-0.7609060000000001,-2.1349287,-1
630,631,1565431791689,-0.29600000000000004,0.055499997,-0.12109999,9.2667,-0.7686536999999999,-2.1925237,-1
631,632,1565431791699,-0.494,0.011399999,-0.0099,9.06235,-0.80923057,-2.0468604999999997,-1
632,633,1565431791709,-0.4854,-0.02,0.22039999,9.08409,-0.85077477,-1.8377414,-1
633,634,1565431791719,-0.2705,0.0018,0.2154,9.345804,-0.803293,-1.831277,-1
634,635,1565431791729,0.081599995,0.10529999400000001,0.0818,9.648451,-0.72098994,-1.9576620999999998,s
635,636,1565431791740,0.3559,0.1785,0.0004,9.9550905,-0.63597655,-1.9998192,-1
636,637,1565431791750,0.3366,0.20789999,0.1196,9.905263,-0.62960804,-1.9221034,-1
637,638,1565431791760,0.023,0.1337,0.14209999,9.519805999999999,-0.6952762,-1.8700631,-1
638,639,1565431791770,-0.3202,0.0757,0.37129998,9.140832000000001,-0.7414746999999999,-1.6363986000000001,-1
639,640,1565431791780,-0.575,0.037699997,0.4637,8.935103,-0.7793222,-1.5896446000000002,-1
640,641,1565431791790,-0.65309995,0.0132,0.32009998,8.975738,-0.7429591,-1.8962078000000002,-1
641,642,1565431791801,-0.46629998,0.043199997000000004,0.018199998999999998,9.170281,-0.7581766,-2.0496569,-1
642,643,1565431791811,-0.1418,0.0969,-0.0286,9.557960000000001,-0.7476613,-2.0756962,-1
643,644,1565431791821,0.11409999400000001,0.0632,0.0427,9.722230999999999,-0.72937924,-1.9366313999999998,-1
644,645,1565431791831,0.2522,0.0762,0.3195,9.80983,-0.7396071999999999,-1.7508031000000002,-1
645,646,1565431791842,0.16409999,0.0657,0.5068,9.667997,-0.7618444999999999,-1.5423256,-1
646,647,1565431791851,-0.0821,0.0512,0.4644,9.48917,-0.76260114,-1.5917801999999999,-1
647,648,1565431791861,-0.3089,0.037299998,0.3033,9.207151,-0.7536085,-1.8180802,-1
648,649,1565431791871,-0.47709998,0.1012,0.102199994,9.105474000000001,-0.71767634,-1.9886718999999997,-1
649,650,1565431791881,-0.49789998,0.06839999599999999,0.0683,9.087758000000001,-0.72223485,-1.9635996999999998,-1
650,651,1565431791891,-0.3809,0.17539999,0.0949,9.232339,-0.6006956,-1.8692107,-1
651,652,1565431791902,-0.2828,0.2069,0.2609,9.309566499999999,-0.5906209,-1.7839102,-1
652,653,1565431791912,-0.2138,0.2306,0.37849998,9.352058,-0.59403974,-1.6483696,-1
653,654,1565431791922,-0.2926,0.23619999,0.4042,9.277234,-0.5717736999999999,-1.6382468000000001,-1
654,655,1565431791932,-0.2835,0.2236,0.3295,9.267237,-0.6173593,-1.8218150000000002,-1
655,656,1565431791942,-0.3331,0.2218,0.068799995,9.272169,-0.6277789,-2.0820267,-1
656,657,1565431791952,-0.23519999,0.19999999,-0.092099994,9.378786999999999,-0.653732,-2.1137736,-1
657,658,1565431791963,-0.08800000000000001,0.20629999,-0.0256,9.5295925,-0.60964996,-2.008285,-1
658,659,1565431791973,-0.0095,0.2198,0.08109999400000001,9.527658,-0.6485509,-1.8857211999999999,-1
659,660,1565431791983,-0.078,0.13239999,0.2674,9.408244999999999,-0.7152343000000001,-1.6117288,-1
660,661,1565431791993,-0.20529999,0.121999994,0.43519998,9.277657000000001,-0.7431123000000001,-1.5741684,s
661,662,1565431792003,-0.3622,0.053299997,0.3964,9.1068535,-0.8511386999999999,-1.6688066000000004,-1
662,663,1565431792013,-0.47,0.0072,0.3757,9.126841,-0.7911208000000001,-1.6542497999999999,-1
663,664,1565431792024,-0.4107,0.0637,0.3256,9.225127,-0.81343484,-1.7038672,-1
664,665,1565431792034,-0.2332,0.0898,0.27449998,9.467718,-0.80393463,-1.748045,-1
665,666,1565431792044,-0.0756,0.0589,0.2447,9.578895,-0.82073236,-1.7461200000000001,-1
666,667,1565431792054,0.023799999,0.014699998999999998,0.3039,9.649629,-0.96269894,-1.8223897,-1
667,668,1565431792064,0.0744,-0.0605,0.18779999,9.725325,-1.006465,-2.0581324,-1
668,669,1565431792074,0.21229999,-0.0986,-0.1866,9.882183,-1.0307614,-2.3075507,-1
669,670,1565431792085,0.46739998,-0.0814,-0.41489998,10.1177435,-0.9740378000000001,-2.4680102,-1
670,671,1565431792095,0.58559996,-0.0001,-0.39429998,10.166221,-0.97059023,-2.3165337999999998,-1
671,672,1565431792105,0.5765,-0.0416,-0.30159998,10.088208,-1.0443604,-2.2325068,-1
672,673,1565431792115,0.44959998,-0.18509999,-0.0607,9.944508,-1.135972,-1.974048,-1
673,674,1565431792125,0.3229,-0.2809,0.2112,9.877471,-1.2067926000000002,-1.7398089,-1
674,675,1565431792135,0.3728,-0.31579998,0.2668,10.115981,-1.1805233999999998,-1.9647107,-1
675,676,1565431792145,0.6281,-0.239,0.023699999,10.375732000000001,-1.1393719,-2.1643007,-1
676,677,1565431792156,0.97129995,-0.218,-0.17300000000000001,10.834318,-1.0926753,-2.1914130000000003,-1
677,678,1565431792166,1.3439,-0.1769,-0.1445,11.137884,-1.0745752,-2.1082669999999997,-1
678,679,1565431792176,1.7163999,-0.1674,-0.0371,11.556859,-1.0642132,-2.049044,-1
679,680,1565431792186,2.0492,-0.1321,0.0009,11.810051,-1.0665593999999998,-2.175592,-1
680,681,1565431792196,2.3418999,-0.2197,-0.2377,12.065207000000001,-1.1071746,-2.399105,-1
681,682,1565431792206,2.5159,-0.2546,-0.36049998,12.112678,-1.1461808999999998,-2.3426017999999997,-1
682,683,1565431792217,2.552,-0.32639998,-0.3066,12.061883,-1.2178825,-2.2897859,-1
683,684,1565431792227,2.46,-0.40539998,-0.2631,11.894883,-1.308977,-2.1816444,-1
684,685,1565431792237,2.3184,-0.5097,-0.1612,11.863211999999999,-1.3017178999999999,-2.1516976000000003,-1
685,686,1565431792247,2.2847,-0.5397,-0.14729999,11.940937,-1.1871027,-2.3327284,-1
686,687,1565431792257,2.3486,-0.47559997,-0.33049998,11.982625,-1.0724778999999998,-2.5765443,-1
687,688,1565431792268,2.3725,-0.36699998,-0.615,11.789719999999999,-0.8329619,-2.6928067,-1
688,689,1565431792278,2.1999,-0.2162,-0.71459997,11.588185000000001,-0.711212,-2.7263732000000003,-1
689,690,1565431792288,1.5593,0.0115,-0.5261,11.173575999999999,-0.46876553,-2.4818964,-1
690,691,1565431792298,1.1219,0.14029999,-0.3227,10.845399,-0.31700188,-2.2903029999999998,-1
691,692,1565431792308,0.7333,0.1577,-0.41709998,10.357603,-0.15386097,-2.3377752,-1
692,693,1565431792319,0.40359998,0.2719,-0.3186,9.98679,0.089303724,-2.1400046,-1
693,694,1565431792329,0.1335,0.39589998,-0.0143,9.764761,0.26329514,-1.8990330000000002,-1
694,695,1565431792339,-0.28300000000000003,0.3922,0.2302,9.261883000000001,0.35635296,-1.5889646000000002,-1
695,696,1565431792349,-0.7184,0.42859998,0.5147,8.920978,0.46108493,-1.3366733,-1
696,697,1565431792359,-1.0842999,0.3978,0.6629999999999999,8.518618,0.5135467,-1.1553556,-1
697,698,1565431792370,-1.361,0.3786,0.58629996,8.286792,0.571314,-1.216944,-1
698,699,1565431792380,-1.6367999,0.35079998,0.5902,7.946556599999999,0.6450937,-1.1827165000000002,-1
699,700,1565431792390,-1.9894999,0.3715,0.6971,7.658668,0.7162206,-1.0853108,-1
700,701,1565431792400,-2.3797998,0.3416,0.69089997,7.200178599999999,0.7595844,-1.0728321,-1
701,702,1565431792410,-2.8372,0.35959998,0.6404,6.806025999999999,0.8708956,-1.1331851000000002,-1
702,703,1565431792421,-3.3713,0.3584,0.6548,6.1156816,0.96642435,-1.1674893999999998,-1
703,704,1565431792431,-3.9239,0.35999998,0.54539996,5.430174,1.0710223,-1.1916516000000001,-1
704,705,1565431792441,-4.5443,0.40699998,0.71419996,4.928521599999999,1.1631798,-1.0210313,-1
705,706,1565431792452,-5.086,0.3656,0.9736,4.299487999999999,1.1462575000000002,-0.79706806,-1
706,707,1565431792462,-5.5794,0.28919998,1.1456,3.9104593,1.1247576000000001,-0.5835723,-1
707,708,1565431792472,-6.0246,0.0739,1.4864998999999999,3.4180292999999997,0.80895287,-0.22785139,-1
708,709,1565431792482,-6.4124,-0.28779998,1.859,3.1113417,0.38890454,0.12336843,-1
709,710,1565431792492,-6.4683,-0.5793,2.0855,3.2225094,0.21543986,0.23333889,-1
710,711,1565431792502,-6.1731997000000005,-0.6727,2.0858,3.6969252,0.10734643,0.07013096,-1
711,712,1565431792513,-5.6638,-0.7082,1.9187,4.153384,0.059184667,-0.122889586,-1
712,713,1565431792524,-5.1445,-0.6008,1.6578,4.7251389999999995,0.08434294,-0.4916637,-1
713,714,1565431792534,-4.6245,-0.61969995,1.2738999,5.265424299999999,0.014920665,-0.8861898000000001,-1
714,715,1565431792544,-3.7601,-0.5322,0.82549995,6.522849,0.012555193999999999,-1.4317708999999998,-1
715,716,1565431792554,-2.5305998,-0.3691,0.44799998,8.088025,0.09767385,-2.0117807,-1
716,717,1565431792565,-1.3009,-0.25169998,0.019199999,8.974225,0.0109079825,-2.2593794,-1
717,718,1565431792575,-0.15609999,-0.2764,-0.18969999,10.336151,-0.050144162,-2.5272137999999997,-1
718,719,1565431792585,0.97139996,-0.1823,-0.4328,11.249903999999999,-0.045125917,-2.9209836,-1
719,720,1565431792595,2.1101,-0.12799999,-0.85179996,12.573007,-0.031957805,-3.3557131,-1
720,721,1565431792606,3.2201998,-0.0382,-1.1242,13.34685,0.043009438,-3.5003133,-1
721,722,1565431792616,4.0562,0.1056,-1.1812999,13.865932,0.058073755,-3.5830089999999997,-1
722,723,1565431792626,4.3626,0.0867,-1.2206,13.836034,-0.056598928,-3.7029011,-1
723,724,1565431792636,4.2764997000000005,-0.025899999,-1.4382,13.518419,-0.08748413,-4.206574400000001,-1
724,725,1565431792646,3.9545999,-0.0037,-1.8154,13.101646,-0.010275913000000001,-4.597758,-1
725,726,1565431792657,3.3662,0.0504,-2.2977998,12.35864,-0.021490354,-5.105281,-1
726,727,1565431792667,2.7549999,0.0233,-2.6159,11.910205,-0.008935161,-5.1504164,-1
727,728,1565431792677,2.1801,0.048499997999999996,-2.4745998,11.355182000000001,0.035319265,-4.678691400000001,-1
728,729,1565431792687,1.6097,0.103199996,-2.0788999,11.091321,0.056091357,-4.633144000000001,-1
729,730,1565431792698,1.3879,0.0928,-2.3473,10.926304,0.04750096,-4.861206,-1
730,731,1565431792708,0.8695,0.121599995,-2.3701,10.367937,0.033030406,-4.8624225,-1
731,732,1565431792718,0.1237,0.0866,-2.283,9.483912,-0.052251056,-4.712267400000001,-1
732,733,1565431792728,-0.6832,0.0145,-2.0978,8.833561,-0.11917378,-4.4978622999999995,-1
733,734,1565431792738,-1.3836,-0.0137,-1.6829,8.063709,-0.16636829,-3.9380786,-1
734,735,1565431792749,-1.8294,-0.082899995,-1.4086,7.715553999999999,-0.21648371,-3.6984190000000003,-1
735,736,1565431792759,-2.1764,-0.063099995,-1.0835999,7.341761999999999,-0.19073169,-3.2523122000000004,-1
736,737,1565431792769,-2.4146,-0.0805,-0.86429995,7.1618710000000005,-0.21397460000000001,-3.0369298,-1
737,738,1565431792779,-2.6318998,-0.125,-0.5528,6.91275,-0.26668534,-2.5981492999999998,-1
738,739,1565431792790,-2.7991,-0.16679999,-0.100099996,6.792847999999999,-0.31577605,-2.1823533,-1
739,740,1565431792800,-2.8774,-0.20529999,0.39299998,6.7357516,-0.36340153,-1.5619963,-1
740,741,1565431792810,-2.8971,-0.2403,0.8544,6.7176895000000005,-0.41526949999999996,-1.1222773000000001,-1
741,742,1565431792820,-2.7991998,-0.3109,1.3332,6.8523393,-0.50868165,-0.4220786,-1
742,743,1565431792830,-2.5934,-0.23959999,1.8101,7.040083,-0.45184332,-0.07642292,-1
743,744,1565431792840,-2.4364998,-0.2015,2.2944999,7.2048807,-0.49036124,0.64618546,-1
744,745,1565431792850,-2.4062997999999998,-0.304,2.9373,7.3444533,-0.6544406999999999,1.4697909,-1
745,746,1565431792861,-2.1980999,-0.389,3.4671,7.521241000000001,-0.7267169,1.8758283,-1
746,747,1565431792871,-2.0272,-0.3777,3.8957998999999996,7.6302443,-0.8050743,2.3331687000000003,-1
747,748,1565431792881,-2.0312,-0.45859998,4.0262,7.66835,-0.9308848,2.4612203,-1
748,749,1565431792891,-1.8968999,-0.5345,4.2069,7.9159875,-1.0352241,2.678815,-1
749,750,1565431792901,-1.5359,-0.5171,4.5373,8.213319,-1.0387101,3.1211290000000003,-1
750,751,1565431792912,-0.9666,-0.3267,5.2682,8.947544,-0.88015646,3.9533824999999996,-1
751,752,1565431792922,-0.47329998,-0.1206,5.6752996,9.244069999999999,-0.86286074,4.1676826,-1
752,753,1565431792932,-0.2228,-0.2543,5.5520997,9.532179,-1.1399274,3.8950598,-1
753,754,1565431792942,0.0208,-0.3764,5.138,9.962877,-1.2588426000000001,3.1638512999999997,-1
754,755,1565431792952,0.601,-0.3014,4.2869,10.500375,-1.2941139,2.4082606,-1
755,756,1565431792962,1.3594998999999999,-0.2969,3.5214,11.527411,-1.3911556,1.621813,-1
756,757,1565431792973,2.237,-0.2688,3.136,12.204566999999999,-1.2958281,1.4600224,-1
757,758,1565431792983,3.1069999,-0.023799999,3.0688999,13.067686,-1.1389216999999998,1.3510863000000002,-1
758,759,1565431792993,3.6260000000000003,0.092999995,2.9478,13.285062,-1.2330521,0.9725822000000001,-1
759,760,1565431793003,3.7635,-0.0466,2.4143,13.43556,-1.4161608,0.17598339999999998,-1
760,761,1565431793013,3.9907,-0.1261,1.7813,13.60779,-1.4909077,-0.4139862,-1
761,762,1565431793024,4.2781997,-0.1427,1.1254,14.011051,-1.5601193000000002,-1.414686,-1
762,763,1565431793034,4.6597,-0.1512,0.3353,14.253956,-1.5377958,-2.1484704,-1
763,764,1565431793044,4.9237,-0.0689,-0.6193,14.478589999999999,-1.4693886999999999,-3.3811489999999997,-1
764,765,1565431793054,5.0629,-0.044299997,-1.4225,14.461227,-1.3790122999999999,-4.224885,-1
765,766,1565431793064,4.9944997,0.0049,-1.9727999,14.255785000000001,-1.4157777,-4.666633999999999,-1
766,767,1565431793074,4.6892,-0.0775,-2.4752998,13.772530999999999,-1.5102625,-5.338399400000001,-1
767,768,1565431793085,4.2444,-0.2408,-2.9631,13.345788,-1.6813137999999999,-5.6861714999999995,-1
768,769,1565431793095,3.7879,-0.44259998,-3.2505999,12.892317,-1.7735767,-6.065768,-1
769,770,1565431793105,3.4661998999999994,-0.5518,-3.4982,12.744833999999999,-1.7840346,-6.179654599999999,-1
770,771,1565431793115,3.3181998999999998,-0.5760000000000001,-3.4038,12.555433,-1.6358527,-6.0208907,-1
771,772,1565431793125,3.1678,-0.4764,-3.2495,12.422441000000001,-1.5184792999999999,-6.005893,-1
772,773,1565431793136,2.9849,-0.3518,-3.2726,12.1015215,-1.2709955,-6.194077500000001,-1
773,774,1565431793145,2.6708,-0.2324,-3.4057,11.856258,-1.0919954,-6.3589425,-1
774,775,1565431793155,2.3529,-0.070099995,-3.6495998,11.33574,-0.7869262,-6.6207337,-1
775,776,1565431793165,1.8838999,0.0955,-3.8476998999999994,10.940686999999999,-0.5539225,-6.753401299999999,-1
776,777,1565431793176,1.3625,0.2747,-3.9694,10.325139,-0.32341835,-6.7816339999999995,-1
777,778,1565431793186,0.82979995,0.37919998,-3.9404998,9.866955,-0.16333245,-6.685664699999999,-1
778,779,1565431793196,0.24749999,0.4903,-3.8277997999999998,9.204796,-0.0045394064,-6.2704906,-1
779,780,1565431793206,-0.3053,0.48279998,-3.4243998999999996,8.780543,-0.02984133,-5.955146,-1
780,781,1565431793216,-0.838,0.2717,-3.1996,8.25266,-0.23127988,-5.778951599999999,-1
781,782,1565431793226,-1.2623999,0.0563,-3.0168,8.051959,-0.30618966,-5.3825197,-1
782,783,1565431793237,-1.5094999,-0.1129,-2.5705,7.8636217,-0.44630793,-4.8765197,-1
783,784,1565431793247,-1.6096,-0.2864,-2.2354998999999998,7.8201046000000005,-0.4234098,-4.7809715,-1
784,785,1565431793257,-1.6635,-0.3146,-2.2667,7.8025784,-0.24298275,-5.125162,-1
785,786,1565431793267,-1.7225,-0.2157,-2.7055,7.513636999999999,-0.13600023,-5.6210876,-1
786,787,1565431793277,-1.9884,-0.2135,-3.1411,7.256576,0.012076353,-5.8905883,-1
787,788,1565431793287,-2.9557,-0.139,-3.7159998,6.561894000000001,0.13021584,-6.1113243,-1
788,789,1565431793299,-3.5583,-0.26299998,-3.2846,5.858104,0.0992253,-5.5074015,-1
789,790,1565431793309,-4.0994,-0.2791,-2.4249,5.422235,0.17283262,-4.778204,-1
790,791,1565431793320,-4.6198,-0.46609998,-1.7401999,4.8353395,0.04674439,-3.9084767999999994,-1
791,792,1565431793329,-4.8957,-0.6429,-0.8925,4.627398,-0.04406289,-3.1919020000000002,-1
792,793,1565431793339,-4.9772,-0.67649996,-0.2365,4.5799546,-0.0079583265,-2.4460123,-1
793,794,1565431793349,-4.7785,-0.7209,-0.1635,4.7526627,0.010611101999999999,-2.392497,-1
794,795,1565431793359,-4.3384,-0.6199,-0.17119999,5.2911663,0.193576,-2.3763123,-1
795,796,1565431793369,-4.0078998,-0.4651,-0.49719998,5.547404,0.29867187,-2.6117103,-1
796,797,1565431793380,-3.7373998,-0.4775,-1.1899998999999999,5.8844495000000006,0.27175146,-3.3407923999999998,-1
797,798,1565431793390,-3.418,-0.54399997,-1.5013,6.334464,0.18504307,-3.3229222000000003,-1
798,799,1565431793400,-3.0096,-0.6574,-1.1338999,6.701236200000001,0.080876134,-2.900719,-1
799,800,1565431793410,-2.4338999,-0.7114,-0.44189999,7.48619,0.07988014,-1.9315653000000002,-1
800,801,1565431793420,-1.7988,-0.5897,0.2897,7.96277,0.20000203,-1.268946,-1
801,802,1565431793431,-1.3884,-0.44979998,1.0429,8.251569,0.3034986,-0.68048,-1
802,803,1565431793441,-1.3503,-0.40089998,1.7056999,8.260236,0.34539709999999996,0.22280441,-1
803,804,1565431793451,-1.5774,-0.47059998,2.2656999,7.931291000000001,0.25557625,1.0194415000000001,-1
804,805,1565431793461,-1.8247,-0.4971,2.8987,7.814789299999999,0.24241771,1.5419903999999998,-1
805,806,1565431793471,-1.7981,-0.5543,3.4199,8.009236999999999,0.18416199,2.1312417999999997,-1
806,807,1565431793482,-1.4380000000000002,-0.5028,3.7073,8.361844999999999,0.22689371,2.3921044,-1
807,808,1565431793492,-0.8023,-0.38279998,3.8558,9.211355000000001,0.34299335,2.4888206000000004,-1
808,809,1565431793502,-0.057299998,-0.2368,3.4550998,9.989136,0.37059369999999997,1.8243528999999998,-1
809,810,1565431793512,0.46409997,-0.22909999,2.7226999,10.323559,0.41268376,1.3177207,-1
810,811,1565431793522,0.74289995,-0.1608,2.2110999,10.5018215,0.43180865,1.0039558000000002,-1
811,812,1565431793532,0.7795,-0.1548,2.0593998,10.508725,0.39741832,0.9630437,-1
812,813,1565431793542,0.79859996,-0.2005,2.233,10.62834,0.42374498,1.2325064,-1
813,814,1565431793552,0.9176,-0.039499998,2.5649,10.621426,0.6247526,1.6149657,-1
814,815,1565431793563,0.7732,0.1449,2.9940999,10.297481,0.7460045,1.8594328000000002,-1
815,816,1565431793573,0.4233,0.1599,2.9636998,9.965050999999999,0.7536371999999999,1.6733555,-1
816,817,1565431793583,-0.084,0.1478,2.5567,9.39162,0.7358244,0.96577305,-1
817,818,1565431793594,-0.3863,0.1436,1.9116,9.257017,0.72215825,0.47554594,-1
818,819,1565431793604,-0.45409998,0.1318,1.4708999,9.340854,0.7107906,0.12170207,-1
819,820,1565431793614,-0.3168,0.1017,1.2742,9.511378,0.62303835,-0.075561,-1
820,821,1565431793624,-0.0528,0.0106999995,1.0637,9.8924675,0.5476688,-0.44063845,-1
821,822,1565431793634,0.3178,0.0422,0.63119996,10.296934,0.67183214,-1.1158895,-1
822,823,1565431793644,0.6691,0.212,0.018299998999999997,10.457825999999999,0.81021696,-1.5843965,-1
823,824,1565431793654,0.6868,0.317,-0.49989998,10.203494000000001,0.6956018,-1.7439460999999998,-1
824,825,1565431793665,0.4014,0.2047,-0.45679998,9.87659,0.6941653,-1.2896702,-1
825,826,1565431793675,-0.0299,0.1815,0.19899999999999998,9.505403,0.6741881,-0.7788338,-1
826,827,1565431793685,-0.4513,0.1158,0.77739996,9.110128999999999,0.57277924,-0.24776156,-1
827,828,1565431793695,-0.72569996,0.0824,0.9834,8.940744,0.4516901,-0.41889912,-1
828,829,1565431793705,-0.73579997,-0.100499995,0.71779996,9.075327,0.35347036,-0.68652296,-1
829,830,1565431793715,-0.5009,-0.1375,0.4053,9.389159,0.34859577,-0.91249734,s
830,831,1565431793726,-0.0797,-0.0902,0.2113,9.829825999999999,0.34260067,-1.0709839,-1
831,832,1565431793736,0.17449999,-0.1012,0.17369999,9.919953,0.29267678,-0.8102649000000001,-1
832,833,1565431793746,0.1741,-0.1445,0.49969998,9.856124000000001,0.24128765,-0.5762269,-1
833,834,1565431793756,0.085599996,-0.2119,0.727,9.801096000000001,0.18257225,-0.41285613,-1
834,835,1565431793766,0.0854,-0.22369999,0.8164,9.826772,0.27734432,-0.50906473,-1
835,836,1565431793776,0.1149,-0.08109999400000001,0.5636,9.841652999999999,0.35793316,-1.1012082,-1
836,837,1565431793786,0.0858,-0.0387,0.0376,9.776003999999999,0.34445858,-1.3974285,-1
837,838,1565431793796,0.0178,-0.0379,-0.29,9.679661999999999,0.31906090000000004,-1.9278495,-1
838,839,1565431793806,-0.0499,-0.0875,-0.76409996,9.720728,0.25457070000000004,-2.1353788,-1
839,840,1565431793816,0.0099,-0.1574,-0.76669997,9.843319000000001,0.23602998,-1.6504573,-1
840,841,1565431793826,0.1192,-0.1691,-0.25599998,9.82884,0.23649924,-0.93766516,-1
841,842,1565431793837,0.1013,-0.1718,0.3545,9.798127000000001,0.23517764,-0.7663361,-1
842,843,1565431793847,0.0831,-0.1551,0.5507,9.716159,0.31144732,-0.7083198,-1
843,844,1565431793857,-0.0039,-0.098,0.5979,9.63397,0.30875626,-0.7703392,-1
844,845,1565431793868,-0.0323,-0.1636,0.2241,9.6876,0.24408408,-1.0864791,-1
845,846,1565431793878,-0.0323,-0.1636,0.2241,9.800646,0.25582525,-1.3017082,-1
846,847,1565431793888,0.3394,-0.13509999,-0.3285,10.063807,0.2598475,-1.6323284,-1
847,848,1565431793898,0.44619998,-0.1428,-0.7576,10.138755,0.23978409,-1.9949734000000001,-1
848,849,1565431793908,0.5139,-0.1453,-0.54039997,10.237606,0.25435042,-1.8343607,-1
849,850,1565431793918,0.5139,-0.1453,-0.54039997,10.179169,0.27849352,-1.3184198,-1
850,851,1565431793929,0.23979999,-0.1157,0.5263,9.960071000000001,0.30097988,-0.7617392,-1
851,852,1565431793939,-0.0633,-0.119799994,0.7337,9.608975,0.32401209999999997,-0.53345686,-1
852,853,1565431793949,-0.2487,-0.0958,0.6867,9.476768,0.3481265,-0.6127911,s
853,854,1565431793959,-0.19929999,-0.1122,0.47149998,9.557414,0.34245703,-0.8407287,-1
854,855,1565431793970,-0.022599999,-0.0473,0.39319998,9.699428999999999,0.41870758,-0.9029396000000001,-1
855,856,1565431793980,0.2323,0.00029999999,0.23600000000000002,9.979789,0.47723144,-1.102434,-1
856,857,1565431793990,0.3992,0.1064,-0.115899995,10.152086,0.6004179000000001,-1.5523907,-1
857,858,1565431794000,0.4391,0.1795,-0.41689998,10.155083,0.63916564,-1.7409675999999998,-1
858,859,1565431794010,0.3718,0.17899999,-0.5185,10.088801,0.65465134,-1.8288157999999999,-1
859,860,1565431794020,0.2756,0.23269999,-0.36249998,9.946164999999999,0.72646785,-1.6521811000000002,-1
860,861,1565431794030,0.2756,0.23269999,-0.36249998,9.831588,0.77097124,-1.3554918,-1
861,862,1565431794040,-0.102,0.3125,0.3931,9.542541,0.82209224,-0.87112546,-1
862,863,1565431794050,-0.2859,0.3049,0.4926,9.4237795,0.85855114,-0.85676986,-1
863,864,1565431794060,-0.4211,0.2729,0.19839999,9.272436,0.86413443,-1.1919103000000002,-1
864,865,1565431794070,-0.4682,0.2847,0.1602,9.240526,0.8601984,-1.203345,-1
865,866,1565431794081,-0.4466,0.29029998,0.20199999,9.255706,0.87812614,-1.1179198000000001,-1
866,867,1565431794091,-0.4743,0.28669998,0.4576,9.17844,0.88774127,-0.8156854,-1
867,868,1565431794101,-0.6296,0.30089998,0.7509999999999999,9.016036999999999,0.9022022,-0.62979954,-1
868,869,1565431794111,-0.9518,0.3523,0.8462,8.598086,0.93817276,-0.50629705,-1
869,870,1565431794121,-1.3527,0.3533,0.9288,8.265541,0.9397146000000001,-0.54753476,-1
870,871,1565431794132,-1.7249,0.3845,0.7621,7.9709587,0.9941396,-0.6485414,-1
871,872,1565431794142,-2.0389,0.44799998,0.6112,7.6034,1.0501543,-0.76998484,-1
872,873,1565431794152,-2.2747998,0.40879998,0.6274,7.3808929999999995,1.0195181,-0.76779175,-1
873,874,1565431794162,-2.3443,0.3955,0.585,7.337424,0.99568146,-0.782473,-1
874,875,1565431794172,-2.3648,0.30949998,0.81939995,7.325807000000001,0.85935557,-0.35525164,-1
875,876,1565431794182,-2.4043,0.19919999,1.3539,7.2795515,0.6434369000000001,0.2044361,-1
876,877,1565431794193,-2.4338,0.014599998999999999,1.7249,7.2430735,0.49418238,0.47369759999999994,-1
877,878,1565431794203,-2.4631998999999998,-0.13679999,1.9894999,7.175901400000001,0.29546365,0.64966184,-1
878,879,1565431794213,-2.5809,-0.2645,2.0781999,7.089595299999999,0.17663462,0.6996432,-1
879,880,1565431794223,-2.6789,-0.32979998,2.3048,6.894984700000001,0.0760973,1.1134761999999998,-1
880,881,1565431794233,-2.9138,-0.3911,2.7315,6.668417,-0.032312144,1.5566621,-1
881,882,1565431794244,-3.2365,-0.44759998,3.2584999,6.2582035000000005,-0.16675135,1.9782331000000002,-1
882,883,1565431794254,-3.5,-0.52669996,3.455,6.140093299999999,-0.25065377,1.7675912,-1
883,884,1565431794264,-3.4785,-0.5275,2.8319,6.4627647,-0.24040659,0.9036579,-1
884,885,1565431794274,-2.9838,-0.4402,2.1248,6.937171,-0.18844283,0.28447902,-1
885,886,1565431794284,-2.3379,-0.2478,1.3905,7.708860400000001,-0.07067683,-0.73371744,-1
886,887,1565431794294,-1.7666998999999999,-0.1322,0.55439997,8.093359,-0.0837013,-1.6251554,-1
887,888,1565431794305,-1.546,-0.04,0.0889,8.17573,-0.15856318,-1.6517023000000002,-1
888,889,1565431794315,-1.4503,-0.1488,0.2276,8.274265,-0.32955706,-1.6985042000000001,-1
889,890,1565431794325,-1.1367999,-0.2417,0.1741,8.724538,-0.38659653,-1.8005451000000001,-1
890,891,1565431794335,-0.69369996,-0.118599996,0.15349999,9.233526,-0.46768335,-2.3610086,-1
891,892,1565431794345,-0.2498,-0.2105,-0.3701,9.637505,-0.58496094,-2.9581032000000005,-1
892,893,1565431794355,0.30249998,-0.23339999,-1.0052999,10.200841,-0.60172033,-3.8335383000000003,-1
893,894,1565431794366,0.728,-0.18699999,-1.6342,10.4632845,-0.65138566,-4.415118700000001,-1
894,895,1565431794376,1.0544,-0.21139999,-2.2129,10.716954,-0.82551116,-5.130554,-1
895,896,1565431794386,1.272,-0.3081,-2.7691,10.841386,-0.8734814000000001,-5.4614614999999995,-1
896,897,1565431794396,1.4505999,-0.27249998,-3.0723,10.990286,-0.86375135,-5.8468227,-1
897,898,1565431794406,1.5505999,-0.2333,-3.3088998999999997,10.993494,-0.91475743,-6.131043,-1
898,899,1565431794417,1.5603,-0.1916,-3.4945998,10.866822,-0.9104861999999999,-6.251633999999999,-1
899,900,1565431794427,1.4094,-0.1663,-3.5563,10.7283125,-0.9144318000000001,-6.4571238,-1
900,901,1565431794437,1.3328999,-0.1558,-3.7101,10.8079815,-0.7728961999999999,-6.78942,-1
901,902,1565431794447,1.4398999,0.0288,-4.1386,10.812685,-0.684167,-7.6983447,-1
902,903,1565431794457,1.4367,0.1213,-4.9075,10.6178055,-0.7549397,-8.153722,-1
903,904,1565431794468,1.1567,0.0513,-5.4077997,10.077387,-0.7579851,-8.125088,-1
904,905,1565431794478,0.7076,0.073199995,-5.3262,9.748606,-0.81324327,-7.8939414,-1
905,906,1565431794488,0.1727,-0.0324,-4.700599700000001,9.550672,-0.8895513,-7.4798117,-1
906,907,1565431794498,0.1727,-0.0324,-4.700599700000001,9.683962,-0.8203684000000001,-7.079013000000001,-1
907,908,1565431794508,0.64629996,0.22899999,-3.6548998,10.04519,-0.6339942,-6.3750024000000005,-1
908,909,1565431794519,0.7004,0.32889998,-3.3170998,10.114008,-0.5528691,-5.9201236,-1
909,910,1565431794529,0.6041,0.24399999,-3.1211,10.033228,-0.64752626,-5.710860299999999,-1
910,911,1565431794539,0.4759,0.0345,-2.8683999,9.930698,-0.83058685,-5.4543266,-1
911,912,1565431794549,0.5429999999999999,-0.1311,-2.5161,10.0167265,-1.0597598999999998,-4.9451089999999995,-1
912,913,1565431794560,0.91389996,-0.26389998,-2.0324,10.521511,-1.2260036,-4.199679,-1
913,914,1565431794570,1.5203999,-0.3667,-1.1896,11.032252,-1.3431469999999999,-3.422339,-1
914,915,1565431794580,2.128,-0.442,0.065799996,11.760098,-1.473047,-1.7903074,-1
915,916,1565431794590,2.4521,-0.59999996,1.4602,12.057822,-1.709891,0.10390835,-1
916,917,1565431794600,2.5319998,-0.79219997,2.8758,12.094511,-1.8658013,1.2231593,-1
917,918,1565431794610,2.4654,-0.9296,3.9873,12.05154,-2.0367186,2.5011556,-1
918,919,1565431794621,2.4380999,-1.0102999,4.6545,12.025022,-2.0368334999999997,3.1268084,-1
919,920,1565431794631,2.4512,-1.0525,5.1066,12.070444,-2.115239,3.4694567000000003,-1
920,921,1565431794641,2.6132,-1.0561,4.9859,12.299551,-2.126233,3.3734875,-1
921,922,1565431794651,2.6569998,-1.0331,4.6126,12.228155000000001,-2.0959703999999997,3.1158812,-1
922,923,1565431794662,2.4131,-1.1251999,4.3518,11.996981,-2.2302467999999998,2.9837213,-1
923,924,1565431794672,2.0507998,-1.2486,4.4258,11.577919,-2.3006363,3.3142169000000004,-1
924,925,1565431794682,1.7588999,-1.2739999,4.9891996,11.387426,-2.2991424,3.8047695,-1
925,926,1565431794692,1.5670998999999999,-1.2209999999999999,5.3773,11.149701,-2.1641762000000004,4.157119799999999,-1
926,927,1565431794702,1.2492,-1.1673,5.5072,10.85101,-2.107242,4.2336383,-1
927,928,1565431794713,0.8540000000000001,-1.1797999,5.433,10.406322,-2.0140407,3.999332,-1
928,929,1565431794723,0.6752,-1.0885,5.021,10.312516,-1.7701865,3.395744,-1
929,930,1565431794733,0.6246,-0.8616,4.3863997,10.335252,-1.4926795,2.6684241,-1
930,931,1565431794743,0.6525,-0.5782,3.2312999,10.2598915,-1.1758786,1.1495806999999998,-1
931,932,1565431794753,0.4552,-0.45749998,2.0585,9.999651,-0.99237746,0.24117273,-1
932,933,1565431794763,0.0628,-0.24589999,1.0193,9.476279,-0.7166611999999999,-0.9642025,-1
933,934,1565431794774,-0.34829998,-0.15869999,0.239,9.216709,-0.5539704000000001,-1.4589595,-1
934,935,1565431794784,-0.6213,0.0806,-0.2938,8.974311,-0.17929699,-2.1293552000000004,-1
935,936,1565431794794,-0.7758,0.249,-0.6602,8.7661495,0.054779336,-2.264618,-1
936,937,1565431794804,-1.1746,0.3658,-0.6435,8.220262,0.20293254,-2.012997,-1
937,938,1565431794814,-1.6408,0.3242,-0.19399999,7.852349799999999,0.20338264,-1.5740536,-1
938,939,1565431794825,-2.0665998,0.2843,0.3353,7.3333535,0.30490637,-1.2339428999999997,-1
939,940,1565431794836,-2.4917,0.2888,0.5198,6.811542,0.43551487,-1.3041121,-1
940,941,1565431794846,-2.9562,0.3408,0.3951,6.424237000000001,0.5509824000000001,-1.5975933999999998,-1
941,942,1565431794856,-3.4411,0.3741,-0.0014,5.8852735,0.7150906,-2.2086318,-1
942,943,1565431794866,-3.8388,0.5081,-0.5718,5.6351557,0.8368309000000002,-2.712707,-1
943,944,1565431794876,-4.0709,0.61689997,-1.138,5.546119999999999,1.0810395000000002,-3.3285532,-1
944,945,1565431794887,-4.1177,0.8174,-1.6101999,5.4185667,1.2594267,-3.6076694,-1
945,946,1565431794898,-4.2337,0.9385,-1.81,5.265041,1.2850447,-3.5980542,-1
946,947,1565431794908,-4.6609,0.98759997,-1.4474,4.987409599999999,1.323352,-3.2652314,-1
947,948,1565431794918,-5.0011,0.8165,-1.0103999,4.610859,1.1277264,-2.7335653,-1
948,949,1565431794928,-5.1156,0.7492,-0.44439998,4.5243325,1.0889117,-2.2966428,-1
949,950,1565431794938,-5.1818,0.82799995,-0.0079,4.4865522,1.1575868999999999,-1.9147581000000002,-1
950,951,1565431794949,-5.3375,0.74109995,0.1489,4.294106,1.0518016000000001,-1.7291116000000002,-1
951,952,1565431794959,-5.4943,0.5682,-0.0517,4.120421,0.7875295,-1.9324558999999997,-1
952,953,1565431794969,-5.5434,0.35079998,-0.1046,4.0896893,0.5781326999999999,-1.9898593,-1
953,954,1565431794979,-5.3953,0.12889999,-0.083299994,4.2660847,0.24304977,-1.9794971999999997,-1
954,955,1565431794990,-5.1377,-0.1175,-0.046,4.601693599999999,-0.2009214,-1.9985167000000001,-1
955,956,1565431795000,-5.1377,-0.1175,-0.046,4.781671,-0.40085640000000006,-2.0738573000000002,-1
956,957,1565431795010,-3.931,-0.8303,-0.0747,6.1546307,-1.03803,-2.107654,-1
957,958,1565431795020,-2.7742999,-0.8699,-0.2836,7.1651273,-1.1024437,-2.3418452999999997,-1
958,959,1565431795030,-1.505,-0.6996,-0.35279998,8.549407,-0.9885276,-2.445945,-1
959,960,1565431795040,-0.49499997,-0.43989998,-0.4409,9.2601595,-0.85096633,-2.538955,-1
960,961,1565431795050,0.2038,-0.2868,-0.5133,9.98203,-0.8245629999999999,-2.6693242,-1
961,962,1565431795061,0.6396,-0.2015,-0.5907,10.2958145,-0.8142872,-2.815409,-1
962,963,1565431795071,0.8601,-0.2986,-0.8346,10.561781,-1.1883860000000002,-3.1223166,-1
963,964,1565431795081,1.3942,-0.8304,-0.84669995,11.088325,-1.6871939999999999,-3.0222773999999997,-1
964,965,1565431795091,2.4199,-1.0559,-0.44599998,12.370064999999999,-1.9617993000000002,-2.5705297000000003,-1
965,966,1565431795101,3.6223998,-1.1786,0.058599997,13.3179865,-2.1405602000000004,-2.1458943,-1
966,967,1565431795111,4.618,-1.2889999,0.6035,14.361638000000001,-2.37931,-1.6051781999999999,-1
967,968,1565431795122,5.2096,-1.3232,0.81439996,14.731264999999999,-2.435334,-1.5631073,-1
968,969,1565431795132,5.3364997,-1.3159,0.5894,14.79066,-2.513634,-1.9667120999999999,-1
969,970,1565431795142,5.1657,-1.2017,-0.0686,14.560663,-2.4308236,-2.4988284,-1
970,971,1565431795152,4.6875,-0.9824,-0.55829996,13.885785999999998,-2.2542462000000003,-3.0204002999999995,-1
971,972,1565431795162,4.06,-0.87399995,-0.85529995,13.403554999999999,-2.2130947,-3.1410298,-1
972,973,1565431795173,3.5781998999999995,-0.6588,-0.83849996,12.868356,-1.8931527,-3.026271,-1
973,974,1565431795182,3.2141,-0.3249,-0.68909997,12.596699000000001,-1.6699843,-2.9735699,-1
974,975,1565431795192,2.7712998,-0.1565,-0.8006,12.023479,-1.5011357,-3.0701517999999997,-1
975,976,1565431795202,2.3383,0.0625,-0.7601,11.723248,-1.299793,-2.9697006,-1
976,977,1565431795212,1.9254999,0.2367,-0.5469,11.222438,-1.069126,-2.5769558,-1
977,978,1565431795223,1.5814999,0.4067,-0.0458,10.811458,-0.83810467,-1.9443982,-1
978,979,1565431795234,1.2177,0.60469997,0.4845,10.385214,-0.62021315,-1.4747995,-1
979,980,1565431795245,0.8538,0.80289996,0.76909995,10.136476,-0.42271066,-1.4482334,-1
980,981,1565431795255,0.4991,0.99179995,0.7369,9.522372,-0.33786017,-1.7444918999999999,-1
981,982,1565431795266,-0.042799998,1.0143,0.3965,9.157745,-0.38402040000000004,-2.0924654,-1
982,983,1565431795276,-0.4475,0.95019996,-0.072299995,8.832756,-0.4945942,-2.7161644,-1
983,984,1565431795286,-0.66499996,0.8305,-0.6081,8.838617,-0.5970085,-2.894015,-1
984,985,1565431795296,-0.57769996,0.7143,-0.7015,9.050236,-0.69198173,-2.6851928,-1
985,986,1565431795306,-0.3918,0.6483,-0.4008,9.20674,-0.77816343,-2.4079158,-1
986,987,1565431795317,-0.21589999,0.5329999999999999,-0.061899997000000005,9.253867,-0.8671128,-1.9367942999999999,-1
987,988,1565431795327,-0.24679999,0.48499998,0.3135,8.975335000000001,-1.0777068,-1.906771,-1
988,989,1565431795337,-0.49379998,0.2893,0.266,8.774405,-1.2748454,-1.9561490000000001,-1
989,990,1565431795347,-0.71199995,0.0356,0.225,8.768744,-1.5462042,-1.8437459999999999,-1
990,991,1565431795357,-0.7137,-0.1757,0.3127,8.949919,-1.6610013,-1.8477395,-1
991,992,1565431795368,-0.4692,-0.2656,0.3342,9.266834,-1.6795038,-1.5864171999999999,-1
992,993,1565431795378,-0.0774,-0.21859999,0.76199996,9.437139,-1.5925943,-1.3781598999999998,-1
993,994,1565431795388,-0.0883,-0.1034,0.625,9.391889,-1.5109041,-1.4949204,-1
994,995,1565431795398,-0.0883,-0.1034,0.625,9.294349,-1.4675882,-1.8179365,-1
995,996,1565431795408,-0.2289,0.046099997999999996,-0.17289999,9.260695,-1.3700675,-2.2783222000000003,-1
996,997,1565431795419,-0.2289,0.046099997999999996,-0.17289999,9.34048,-1.3321722,-2.4448535,-1
997,998,1565431795429,-0.0827,0.192,-0.1928,9.408121000000001,-1.2446688,-2.2866732999999995,-1
998,999,1565431795439,-0.2286,0.19229999,0.26369998,9.18568,-1.275305,-1.7353939999999999,-1
999,1000,1565431795449,-0.42279997,0.122499995,0.5870000000000001,9.068939,-1.3032885,-1.5144284,s
1000,1001,1565431795459,-0.35189998,0.1232,0.70449996,9.153253,-1.3091016000000002,-1.4010676000000002,-1
1001,1002,1565431795470,-0.18259999,0.1478,0.5753,9.29883,-1.2857438,-1.5426893999999998,-1
1002,1003,1565431795480,0.035299998,0.1559,0.0506,9.543356,-1.300176,-2.1571564999999997,-1
1003,1004,1565431795490,0.2038,0.12539999,-0.2907,9.711332,-1.3492954,-2.4640262,-1
1004,1005,1565431795500,0.2642,0.0839,-0.38689998,9.721455,-1.3925443000000002,-2.516871,-1
1005,1006,1565431795511,0.2554,0.0298,-0.30719998,9.742523,-1.4454274999999999,-2.3579917,-1
1006,1007,1565431795521,0.2366,0.0030999999,-0.0209,9.708134,-1.4605492,-2.117221,-1
1007,1008,1565431795531,0.2472,-0.0143,0.2359,9.716379,-1.4784386999999999,-1.8984294999999998,-1
1008,1009,1565431795541,0.228,-0.011299999,0.4025,9.684441,-1.4809861,-1.7134153000000003,-1
1009,1010,1565431795552,0.1885,-0.0064,0.4272,9.637447,-1.5076479999999999,-1.703283,-1
1010,1011,1565431795562,0.1481,-0.078999996,0.3885,9.6132555,-1.5550244,-1.7844751,-1
1011,1012,1565431795572,0.127,-0.052899998,0.1028,9.613984,-1.5324328,-2.1876778999999997,-1
1012,1013,1565431795582,0.105399996,-0.0482,-0.2427,9.525858,-1.4695610000000001,-2.3783042,-1
1013,1014,1565431795592,-0.0139,0.0607,-0.2514,9.385471,-1.4458008999999998,-2.301182,-1
1014,1015,1565431795603,-0.19219999,0.0678,-0.18869999,9.2421255,-1.429645,-2.2021580000000003,-1
1015,1016,1565431795612,-0.2626,0.1218,0.012499999,9.234302,-1.3313963,-1.8773990000000003,-1
1016,1017,1565431795622,-0.2832,0.1563,0.3935,9.214133,-1.3601173,-1.6271857,-1
1017,1018,1565431795632,-0.2156,0.14199999,0.4508,9.305361999999999,-1.348989,-1.6870981,-1
1018,1019,1565431795642,-0.12799999,0.1594,0.3218,9.349272000000001,-1.3251524,-1.8247265,-1
1019,1020,1565431795652,-0.15789999,0.1373,0.23339999,9.298122,-1.3358113,-1.8718157,-1
1020,1021,1565431795663,-0.2271,0.1055,0.2127,9.207151,-1.3314059999999999,-1.8267664000000001,-1
1021,1022,1565431795673,-0.2771,0.1424,0.3181,9.1565,-1.309456,-1.6968186,-1
1022,1023,1565431795684,-0.4148,0.19029999,0.4247,9.010856,-1.3661124,-1.6648608,-1
1023,1024,1565431795693,-0.44439998,0.083,0.39429998,9.035459,-1.3936839,-1.6804998,s
1024,1025,1565431795703,-0.3653,0.0371,0.4342,9.261433,-1.4399495,-1.5762945,-1
1025,1026,1565431795713,-0.1581,0.0716,0.5345,9.456196,-1.354352,-1.5149838,-1
1026,1027,1565431795723,0.058599997,0.1556,0.6331,9.571864999999999,-1.3394601000000002,-1.4225292999999999,-1
1027,1028,1565431795733,0.0492,0.1205,0.6616,9.485894,-1.376484,-1.3262631999999999,-1
1028,1029,1565431795744,-0.0976,0.0647,0.7879,9.271824,-1.4803731000000002,-1.2523973,-1
1029,1030,1565431795754,-0.22489999,-0.0104,0.8254,9.273767,-1.5107317,-1.2518513999999998,-1
1030,1031,1565431795764,-0.12619999,0.0046,0.8347,9.512566,-1.461459,-1.2702963,-1
1031,1032,1565431795774,0.1398,0.032199997,0.7661,9.9072075,-1.4295588,-1.2628264,-1
1032,1033,1565431795784,0.475,0.0997,0.8369,10.109536,-1.3632585,-1.1104786,-1
1033,1034,1565431795794,0.6835,0.0971,1.0296,10.2709055,-1.5343385,-0.9919848,-1
1034,1035,1565431795804,0.82339996,-0.025799999,1.1067,10.433883,-1.5496614,-0.9146138,-1
1035,1036,1565431795815,1.0419999,0.0154,1.1869,10.621694999999999,-1.4727118000000001,-0.94953084,-1
1036,1037,1565431795825,1.2407,0.0946,1.1486,10.781235,-1.4124066000000002,-0.97070515,-1
1037,1038,1565431795835,1.3792,0.1038,1.1938,10.977683,-1.4045823999999998,-0.94641834,-1
1038,1039,1565431795845,1.5462999,0.1318,1.138,11.165694,-1.3730459,-1.1100763999999999,-1
1039,1040,1565431795855,1.8405999,0.17,0.8842,11.62744,-1.3010858,-1.4373733999999998,-1
1040,1041,1565431795866,2.2235,0.23809999,0.65099996,11.983497,-1.3743579,-1.5597458999999998,-1
1041,1042,1565431795877,2.5189,0.1479,0.5697,12.03863,-1.5521035,-1.5894148000000001,-1
1042,1043,1565431795887,2.57,-0.121999994,0.5922,12.014966000000001,-1.9145952000000002,-1.5598032,-1
1043,1044,1565431795897,2.5535,-0.40579998,0.6028,12.165714999999999,-2.0480003,-1.4732958999999999,-1
1044,1045,1565431795908,3.0342,-0.6681,0.6741,12.480821,-2.1536896,-1.5419999999999998,-1
1045,1046,1565431795918,3.0342,-0.6681,0.6741,12.781887,-2.1113028999999996,-1.8532174,-1
1046,1047,1565431795928,3.7271998,-0.4624,-0.424,13.173022,-1.8886421000000002,-2.703523,-1
1047,1048,1565431795938,3.8255,-0.28689998,-0.9474,13.249148000000002,-1.6317153999999998,-3.341731,-1
1048,1049,1565431795948,3.638,-0.1551,-1.4303,13.090038999999999,-1.4912332,-3.7646046,-1
1049,1050,1565431795958,3.3421998,-0.018099999,-1.9183999,12.723219,-1.2351112,-4.325901,-1
1050,1051,1565431795968,2.9880998,0.0766,-2.0967,12.432975,-1.1018595,-4.4950085,-1
1051,1052,1565431795979,2.5556997999999997,0.2694,-2.1454,11.912092,-0.7543171999999999,-4.576392,-1
1052,1053,1565431795989,1.9955,0.3384,-2.0403,11.44324,-0.65672,-4.528872,-1
1053,1054,1565431795999,1.3959,0.2968,-1.4294,10.965808,-0.62242544,-4.0849676,-1
1054,1055,1565431796009,0.88409996,0.2157,-0.8731,10.340212,-0.5796554,-3.413739,-1
1055,1056,1565431796019,0.56729996,0.22569999,-0.8953,9.973412,-0.40916908,-3.5860257000000004,-1
1056,1057,1565431796029,0.56729996,0.22569999,-0.8953,9.782363,-0.177056,-3.9027882000000007,-1
1057,1058,1565431796040,-0.0991,0.5458,-2.0239,9.21015,0.068158135,-4.74752,-1
1058,1059,1565431796050,-0.8436,0.43199998,-2.8026,8.629813,0.062488664000000006,-5.3546605000000005,-1
1059,1060,1565431796060,-1.4872999,0.2863,-3.4039998,7.856783999999999,-0.029410372999999997,-5.9971304000000005,-1
1060,1061,1565431796070,-2.0825,0.1996,-3.5665998,7.1496325,-0.00680911,-6.048529,-1
1061,1062,1565431796080,-2.7358,0.1136,-3.4264,6.6670666,-0.022208613999999998,-5.8984323,-1
1062,1063,1565431796090,-3.2329998,-0.0887,-3.1657,6.1111903,-0.12996684,-5.4533496,-1
1063,1064,1565431796101,-3.5842,-0.1696,-2.6289,5.885283,-0.08439083,-4.9179106,-1
1064,1065,1565431796111,-3.8186,-0.1467,-1.9124,5.619057,0.046552856,-4.0569553,-1
1065,1066,1565431796121,-4.0239,-0.1872,-1.4359,5.447843,0.040404547,-3.73642,-1
1066,1067,1565431796131,-4.308399700000001,-0.25239998,-1.3772,5.1268954,0.08626787,-3.6647182000000003,-1
1067,1068,1565431796141,-4.6222,-0.2732,-1.3599,4.861053,0.14941734,-3.5870599999999997,-1
1068,1069,1565431796151,-5.0241,-0.29839998,-1.3248,4.389683,0.1591378,-3.4357273999999998,-1
1069,1070,1565431796162,-5.4751,-0.3771,-1.0859999999999999,3.8330402,0.18141346,-3.0529232000000004,-1
1070,1071,1565431796172,-5.877000000000001,-0.32979998,-0.8576,3.6282403,0.23795493,-2.877093,-1
1071,1072,1565431796182,-6.1032996,-0.39859998,-0.5157,3.4586544000000004,0.18244776,-2.4268970000000003,-1
1072,1073,1565431796192,-6.0263,-0.5047,0.2066,3.6533889999999998,0.10370724,-1.3729597,-1
1073,1074,1565431796202,-5.8515997,-0.5093,0.9878,3.8187900000000004,0.13428599,-0.77958083,-1
1074,1075,1565431796213,-5.5799,-0.6378,1.7171999,4.1334934,-0.07492894,0.22784181,-1
1075,1076,1565431796223,-5.3482,-0.7633,2.4926999,4.545545,-0.22404939,1.2582200000000001,-1
1076,1077,1565431796233,-4.9010997000000005,-0.82559997,3.3374998999999996,5.023303,-0.25195619999999996,2.0389118,-1
1077,1078,1565431796243,-4.2876997,-0.784,4.0253,5.786642,-0.23370282,2.6604083,-1
1078,1079,1565431796253,-3.6359,-0.75839996,4.3059,6.3273196,-0.28283185,2.7560422000000004,-1
1079,1080,1565431796263,-2.9552,-0.81159997,4.2176,7.255656699999999,-0.47710693,2.6752715,-1
1080,1081,1565431796273,-2.1267,-0.8893,4.1477,7.9371424,-0.51522267,2.860602,-1
1081,1082,1565431796284,-1.2366999,-0.7477,4.4418,8.626405,-0.45707226,3.2219634,-1
1082,1083,1565431796294,-0.46089998,-0.63549995,4.8138,9.518742999999999,-0.44609722,3.6587233999999995,-1
1083,1084,1565431796304,0.1422,-0.5952,5.0527,10.084482000000001,-0.48351383,3.8002875,-1
1084,1085,1565431796314,0.5239,-0.60929996,4.9644,10.393641,-0.5388006999999999,3.6095752999999995,-1
1085,1086,1565431796324,0.8994,-0.5308,4.6554,10.823353,-0.4830254,3.2023597,-1
1086,1087,1565431796334,1.2587999,-0.4095,4.3301,11.371376,-0.3169923,2.590392,-1
1087,1088,1565431796345,1.7584,-0.1954,3.8353,11.760319,-0.19192879,2.079192,-1
1088,1089,1565431796355,2.251,-0.025899999,3.1978998,12.196216999999999,-0.07924808,1.0323128000000001,-1
1089,1090,1565431796365,2.5403,0.0971,2.4154,12.215226,-0.08537724,0.31253909999999996,-1
1090,1091,1565431796375,2.4884,0.07400000000000001,1.6106,12.058627,-0.170199,-0.861405,-1
1091,1092,1565431796386,2.3796,0.022799998999999998,0.72279996,11.910406,-0.18599117,-1.542814,-1
1092,1093,1565431796395,2.1843998,0.0044,0.0752,11.53919,-0.22523692,-2.460914,-1
1093,1094,1565431796405,1.8829999,-0.0186,-0.6193,11.350327,-0.24838406,-3.195426,-1
1094,1095,1565431796415,1.6697999,-0.0144,-1.5648999,11.161375999999999,-0.24363397,-4.183647000000001,-1
1095,1096,1565431796425,1.4546,-0.0796,-2.5829,10.925854,-0.39675754,-5.184481,-1
1096,1097,1565431796435,1.3452,-0.1964,-2.9958,10.918374,-0.35570174,-5.113402,-1
1097,1098,1565431796446,1.4215,-0.1003,-2.7073998,11.026401,-0.24231236,-4.772688,-1
1098,1099,1565431796456,1.4972,0.08,-2.2762,10.761792999999999,-0.049320555999999995,-4.613033000000001,-1
1099,1100,1565431796466,1.1581,0.16579999,-2.1815999,10.275253,-0.011348516999999999,-4.8437095,-1
1100,1101,1565431796476,0.4809,0.1866,-2.4977,9.395997,0.025857377999999997,-5.4905367,-1
1101,1102,1565431796486,-0.2497,0.16579999,-3.0863,8.930995,0.07626011,-5.9968143,-1
1102,1103,1565431796496,-0.7093,0.28509998,-3.7566998,8.624564999999999,0.29905492,-6.687130000000001,-1
1103,1104,1565431796507,-0.9073,0.4488,-4.2829,8.471864,0.36181176,-7.014609,-1
1104,1105,1565431796517,-1.0397,0.51879996,-4.5559998,8.457326,0.43552443,-6.906113,-1
1105,1106,1565431796527,-1.036,0.53249997,-4.3732,8.364383,0.43404004,-6.2413487000000005,-1
1106,1107,1565431796537,-1.1403999,0.5279,-3.7798,8.233027,0.36029859999999997,-5.634476,-1
1107,1108,1565431796547,-1.3144,0.4355,-3.0626,7.967376,0.24723485,-4.8701415,-1
1108,1109,1565431796558,-1.5590000000000002,0.3342,-2.4810998,7.7918243,0.25036645,-4.525233,-1
1109,1110,1565431796567,-1.7760999,0.3335,-2.1534,7.576594999999999,0.21836078,-4.4884962999999996,-1
1110,1111,1565431796577,-1.9650999,0.30679998,-2.1952,7.505583000000001,0.1944379,-4.5753,-1
1111,1112,1565431796587,-2.0574,0.29369998,-2.303,7.477628,0.15460797,-4.2991247,-1
1112,1113,1565431796597,-2.0869,0.1541,-1.4936999,7.487847,0.051992483,-3.740442,-1
1113,1114,1565431796607,-2.0925,0.097899996,-0.5963,7.511740700000001,-0.07286993,-2.6271095,-1
1114,1115,1565431796617,-2.0925,0.097899996,-0.5963,7.543699,-0.18197848,-1.8086375,-1
1115,1116,1565431796628,-2.0885,-0.0392,0.3259,7.605536,-0.41095036,-0.8627937,-1
1116,1117,1565431796638,-2.0254,-0.17729999,1.0088,7.7776119999999995,-0.53584146,-0.4485106,-1
1117,1118,1565431796648,-1.8247999,-0.2871,1.4419,8.032116,-0.7124090999999999,0.12970826,-1
1118,1119,1565431796658,-1.633,-0.3804,1.8047999,8.194011999999999,-0.87473595,0.6421345,-1
1119,1120,1565431796668,-1.4013,-0.6426,3.0898,8.292336,-1.0862014,1.5786121000000002,-1
1120,1121,1565431796678,-1.2530999,-0.6904,3.5767,8.441439,-1.183473,2.1869693,-1
1121,1122,1565431796689,-1.1622,-0.6838,3.7853,8.534429,-1.224366,2.4041808,-1
1122,1123,1565431796699,-1.1186,-0.79069996,4.0931,8.59187,-1.3414042,2.6605422,-1
1123,1124,1565431796709,-1.1218,-0.7935,4.4163,8.5955,-1.4125598999999998,3.1387982000000005,-1
1124,1125,1565431796719,-1.0146998999999999,-0.76919997,4.6580997,8.706686999999999,-1.4114393,3.4257772000000006,-1
1125,1126,1565431796729,-0.8857,-0.70589995,4.9066997,8.825553999999999,-1.3951588,3.6528912000000004,-1
1126,1127,1565431796739,-0.59749997,-0.65029997,5.1127996,9.191532,-1.3514215,3.878779,-1
1127,1128,1565431796750,-0.22809999,-0.51739997,5.1759,9.480263,-1.2924284,3.8944468,-1
1128,1129,1565431796760,0.051799998,-0.3604,5.1786,9.786989,-1.1244128999999998,3.8292477,-1
1129,1130,1565431796770,0.1282,-0.3137,4.9381,9.809178,-1.1467173000000002,3.5916471,-1
1130,1131,1565431796780,0.048899997,-0.2959,4.2626,9.726598,-1.1717701,2.7036857999999997,-1
1131,1132,1565431796790,0.0692,-0.3351,3.2119999999999997,9.898166,-1.3057593,1.1424268,-1
1132,1133,1565431796800,0.4843,-0.3529,1.8985,10.237453,-1.2799209999999999,0.20705056,-1
1133,1134,1565431796811,1.0098,-0.2048,1.1867,10.76662,-1.2185912,-0.5922968000000001,-1
1134,1135,1565431796821,1.2436,-0.2584,1.0278,10.871448,-1.2990268,-0.6298474000000001,-1
1135,1136,1565431796831,1.2530999,-0.2819,1.2192,10.726453999999999,-1.3705463,-0.49076346,-1
1136,1137,1565431796841,0.89989996,-0.3328,1.4303,10.336181,-1.4402655,-0.40319315,-1
1137,1138,1565431796852,0.428,-0.3974,1.3788999,9.867271,-1.4773853000000001,-0.78075874,-1
1138,1139,1565431796862,0.29799998,-0.3621,0.75689995,9.848376,-1.4247319999999999,-1.5349514,-1
1139,1140,1565431796872,0.4908,-0.2518,-0.4632,10.176725999999999,-1.2818173000000002,-3.1013433999999998,-1
1140,1141,1565431796885,0.9784,-0.0371,-1.5784,10.591709,-1.1334438,-3.8698535000000005,-1
1141,1142,1565431796894,1.4381,0.1497,-2.2494,10.993694999999999,-1.0097976999999998,-4.7039550000000006,-1
1142,1143,1565431796904,1.5545,0.2149,-2.8128998,10.965530000000001,-1.0084473,-5.3674935999999995,-1
1143,1144,1565431796914,1.4533,0.2324,-3.2148,10.833149,-0.974057,-5.646246,-1
1144,1145,1565431796924,1.3208,0.3488,-3.4740998999999997,10.689192,-0.7819175,-5.988233599999999,-1
1145,1146,1565431796934,1.2149999,0.51519996,-3.6525998,10.45931,-0.5942026,-6.1009910000000005,-1
1146,1147,1565431796945,1.0079,0.66249996,-3.6536998999999994,10.282905,-0.5537118000000001,-6.14468,-1
1147,1148,1565431796955,0.71849996,0.67429996,-3.5582,9.867788000000001,-0.5791381999999999,-5.5830007,-1
1148,1149,1565431796965,0.3972,0.5638,-2.9208,9.659224499999999,-0.660905,-5.0262337,-1
1149,1150,1565431796975,0.1633,0.4436,-2.2579,9.423549000000001,-0.70970845,-4.297716,-1
1150,1151,1565431796986,-0.0126,0.43699998,-1.6503999,9.295067,-0.71796364,-3.7801669,-1
1151,1152,1565431796996,-0.17099999,0.3701,-0.99539995,9.141187,-0.8439177999999999,-3.0681887000000003,-1
1152,1153,1565431797006,-0.3127,0.27339998,-0.43379998,9.102917999999999,-0.87621075,-2.6848959999999997,-1
1153,1154,1565431797016,-0.3188,0.28509998,-0.12889999,9.204011,-0.9667308000000001,-2.689311,-1
1154,1155,1565431797026,-0.18859999,0.1691,-0.3032,9.380291,-1.0294302,-2.930369,-1
1155,1156,1565431797037,0.037699997,0.16239999,-0.67759997,9.643691,-1.0780995,-3.3280934999999996,-1
1156,1157,1565431797047,0.3706,0.1419,-1.1459,9.832727,-1.1026639999999999,-3.4780664,-1
1157,1158,1565431797057,0.3706,0.1419,-1.1459,9.814666,-1.1666466,-3.3396912000000003,-1
1158,1159,1565431797067,0.3178,0.0613,-0.9648,9.6429825,-1.18354,-2.8318903,-1
1159,1160,1565431797077,0.1784,0.0893,-0.5366,9.43731,-1.1859438,-2.370863,-1
1160,1161,1565431797087,-0.0876,0.0699,0.0459,9.046539,-1.2943437,-1.7777618000000002,-1
1161,1162,1565431797097,-0.42229998,-0.023699999,0.5143,8.907053,-1.2706603,-1.548742,-1
1162,1163,1565431797107,-0.6099,0.018199998999999998,0.7582,8.811285,-1.2439122,-1.5492017,-1
1163,1164,1565431797118,-0.6501,0.0233,0.737,8.859323,-1.2256302,-1.691197,-1
1164,1165,1565431797128,-0.4242,0.047,0.46159998,9.048109,-1.212596,-1.8261343,-1
1165,1166,1565431797138,-0.2269,0.0748,0.3148,9.255256,-1.1828983999999998,-2.006341,-1
1166,1167,1565431797148,-0.2269,0.0748,0.3148,9.4200735,-1.1450316999999999,-2.0320259999999997,s
1167,1168,1565431797158,0.0009999999,0.132,0.3051,9.480847,-1.184517,-1.9408549,-1
1168,1169,1565431797169,0.040799998,0.0598,0.4711,9.505823,-1.2280818,-1.8165765,-1
1169,1170,1565431797179,0.0999,0.12239999,0.5778,9.559071000000001,-1.1277072,-1.6978817,-1
1170,1171,1565431797189,0.0703,0.271,0.4386,9.532955000000001,-1.0282426,-1.8457762,-1
1171,1172,1565431797200,-0.0287,0.3195,0.0034999999,9.464078,-0.96842587,-2.1928782000000004,-1
1172,1173,1565431797210,-0.2061,0.31759998,-0.27359998,9.255122,-0.9809523000000001,-2.5512612,-1
1173,1174,1565431797220,-0.26459998,0.2667,-0.3791,9.1866,-1.0515238,-2.6132329,-1
1174,1175,1565431797230,-0.2729,0.23709999,-0.1471,9.233976,-1.1094157,-2.2308214,-1
1175,1176,1565431797240,-0.1336,0.121599995,0.28129998,9.367936,-1.223303,-1.9402515,-1
1176,1177,1565431797250,0.0442,0.009000000000000001,0.54899997,9.504665,-1.301421,-1.7470202000000001,-1
1177,1178,1565431797261,0.221,0.0552,0.5268,9.718036,-1.2624433000000002,-1.8020773,-1
1178,1179,1565431797271,0.3182,0.0826,0.19489999,9.73652,-1.2688694,-2.2506452,-1
1179,1180,1565431797281,0.1787,0.0885,-0.2391,9.615525,-1.2832153999999998,-2.5715163,-1
1180,1181,1565431797291,0.0001,0.0722,-0.37739998,9.430857000000001,-1.2917006000000002,-2.6037517000000006,-1
1181,1182,1565431797301,-0.079799995,0.053999998,-0.2668,9.376718499999999,-1.2570325,-2.4803642999999997,-1
1182,1183,1565431797311,-0.0609,0.0937,-0.0154,9.383327,-1.2273348999999998,-2.0897932,-1
1183,1184,1565431797322,-0.0906,0.034199997999999995,0.28779998,9.389944,-1.3250086,-1.9386903999999998,-1
1184,1185,1565431797332,0.046099997999999996,0.0131,0.27699998,9.575083,-1.2318742,-1.9712324,-1
1185,1186,1565431797342,0.1335,0.1282,0.2846,9.585272999999999,-1.1679108,-1.9616556,-1
1186,1187,1565431797352,-0.06399999599999999,0.1634,0.17289999,9.3092785,-1.1393431,-2.1069262,-1
1187,1188,1565431797362,-0.2817,0.1388,0.039699998,9.16963,-1.1575582,-2.1766167000000003,-1
1188,1189,1565431797372,-0.3915,0.1739,0.1812,9.053875,-1.091689,-1.9835004,s
1189,1190,1565431797382,-0.3926,0.2316,0.31469998,9.080211,-1.0802543,-1.9083511999999998,-1
1190,1191,1565431797393,-0.354,0.25349998,0.38889998,9.173163,-1.0449063,-1.7984189999999998,-1
1191,1192,1565431797404,-0.26569998,0.23879999,0.4939,9.205591,-1.0797466999999998,-1.6841293999999998,-1
1192,1193,1565431797415,-0.14729999,0.1867,0.5714,9.478147,-1.1303313,-1.6412541,-1
1193,1194,1565431797425,0.0495,0.1933,0.5416,9.556780999999999,-1.1389601,-1.7993479,-1
1194,1195,1565431797435,0.069699995,0.1584,0.3746,9.471998,-1.248356,-1.9235208,-1
1195,1196,1565431797445,-0.0374,0.061899997000000005,0.3082,9.357277,-1.3869897,-1.8283082,-1
1196,1197,1565431797455,-0.1433,-0.065299995,0.4046,9.411721,-1.4219068000000001,-1.7190751,-1
1197,1198,1565431797467,-0.0235,-0.084199995,0.5604,9.59688,-1.4015657,-1.5469128,-1
1198,1199,1565431797477,0.20549999,-0.041899998,0.76949996,9.86912,-1.3901118000000001,-1.4588447,-1
1199,1200,1565431797487,0.45389998,-0.0275,0.8002,10.108473,-1.3327563999999998,-1.5517205,-1
1200,1201,1565431797497,0.6529,0.016999999,0.7107,10.193745,-1.3190998,-1.6355271,-1
1201,1202,1565431797508,0.8121,0.0506,0.6397,10.420772999999999,-1.3121088,-1.6790057,-1
1202,1203,1565431797518,1.0138999,0.121199995,0.701,10.47289,-1.2356281999999998,-1.5522280000000002,-1
1203,1204,1565431797528,1.0564,0.1184,0.80439997,10.502481,-1.2352451999999998,-1.5120053,-1
1204,1205,1565431797538,1.0564,0.1184,0.80439997,10.664195,-1.2013433999999998,-1.4864641,-1
1205,1206,1565431797548,1.2756,0.15359999,0.8208,11.074523,-1.08578,-1.7413698,-1
1206,1207,1565431797558,1.6322999,0.2577,0.6123,11.335626,-1.0700071000000002,-1.9922726999999998,-1
1207,1208,1565431797569,2.189,0.2586,0.1768,11.617691,-1.0802351000000001,-2.2100875,-1
1208,1209,1565431797579,2.32,0.1726,-0.0111,11.764244999999999,-1.1697111999999998,-2.4494407000000002,-1
1209,1210,1565431797589,2.4996998,0.0449,-0.22839999,11.932058999999999,-1.2816832,-2.6437638,-1
1210,1211,1565431797599,2.9062,-0.057099998,-0.30179998,12.421961,-1.3637948,-2.7681856,-1
1211,1212,1565431797609,3.3139999999999996,-0.0092,-0.5633,12.733964,-1.2978488000000001,-3.0435956,-1
1212,1213,1565431797620,3.4471,0.017199999,-0.85889995,12.833362,-1.2551075,-3.4239094,-1
1213,1214,1565431797630,3.2661998,-0.0592,-0.9339,12.472259,-1.2552321000000002,-3.5246383999999997,-1
1214,1215,1565431797640,2.7712998,-0.1195,-0.9364,12.047087,-1.2815874,-3.5134144,-1
1215,1216,1565431797650,2.3351998,-0.1981,-0.8102,11.731195,-1.2791454,-3.4599087,-1
1216,1217,1565431797660,2.0066,-0.162,-0.72609997,11.3110895,-1.133099,-3.4408224,-1
1217,1218,1565431797670,1.7164999,-0.096599996,-0.9219,11.001194,-0.95383084,-3.8915067000000003,-1
1218,1219,1565431797681,1.5144,0.018199998999999998,-1.5133,10.876292999999999,-0.8317648000000001,-4.413883,-1
1219,1220,1565431797691,1.4204999,0.092999995,-2.1548,10.747561,-0.6540863,-5.198501599999999,-1
1220,1221,1565431797702,1.2085999,0.1453,-2.5435998,10.522287,-0.5670236,-5.362667,-1
1221,1222,1565431797711,0.8296,0.015099999499999999,-2.4252,10.061547000000001,-0.6134615,-5.155291,-1
1222,1223,1565431797721,0.49809998,0.0154,-2.1852999,9.793903,-0.47835192,-5.06501,-1
1223,1224,1565431797731,0.0764,0.1565,-2.1302,9.30293,-0.22956565,-5.0824017999999995,-1
1224,1225,1565431797741,-0.41599998,0.24309999,-2.1731,8.842285,-0.07022672,-5.0689173,-1
1225,1226,1565431797751,-1.1057,0.3168,-2.1144,7.991194,0.16829322,-5.031405400000001,-1
1226,1227,1565431797762,-1.8939999,0.32279998,-2.2080998,7.340737299999999,0.19199581,-5.125085400000001,-1
1227,1228,1565431797772,-2.6145,0.2364,-2.2691998,6.565102,0.21256681,-5.2232285,-1
1228,1229,1565431797783,-3.1109,0.121,-2.3869,6.1951694,0.16384001,-5.1688514,-1
1229,1230,1565431797793,-3.2164,0.0559,-2.2175999,6.184108,0.22881866,-4.9567733,-1
1230,1231,1565431797803,-3.2056,0.1268,-1.8779,6.2320975999999995,0.408039,-4.5149856,-1
1231,1232,1565431797813,-3.1571999,0.1822,-1.6825,6.234482,0.51397765,-4.4419527,-1
1232,1233,1565431797823,-3.2965,0.26749998,-1.8271998999999999,5.8902535,0.67751116,-4.6385264,-1
1233,1234,1565431797834,-3.7696,0.30069998,-1.9271,5.3265815000000005,0.6658179,-4.511078400000001,-1
1234,1235,1565431797844,-4.604,0.0953,-1.5244,4.3529267,0.43494982,-3.7798697999999997,-1
1235,1236,1565431797854,-5.3188,-0.12789999,-0.9407,3.9713295,0.34706348,-3.2185922000000002,-1
1236,1237,1565431797864,-5.5920000000000005,-0.20269999,-0.336,3.9564470999999997,0.35585500000000003,-2.5533203999999996,-1
1237,1238,1565431797874,-5.3957,-0.2704,0.20709999,4.2506943,0.34396059999999995,-1.9582175,-1
1238,1239,1565431797885,-4.9656,-0.2802,0.81619996,4.777045200000001,0.3653935,-1.4654908000000002,-1
1239,1240,1565431797894,-4.5176997000000005,-0.2829,1.0878999,5.284166,0.28807992,-1.2742993999999999,-1
1240,1241,1565431797905,-4.121299700000001,-0.33179998,1.0675,5.5435057,0.2577789,-1.2619548999999999,-1
1241,1242,1565431797915,-3.8741999,-0.43069997,1.0583999,5.875303700000001,0.03680367,-1.0366031,-1
1242,1243,1565431797925,-3.6283998,-0.5735,1.2677,6.0468054,-0.07202716,-0.46228203,-1
1243,1244,1565431797935,-3.4905,-0.6746,2.2001,6.065432,-0.2568787,1.3225284,-1
1244,1245,1565431797945,-3.5186,-0.8294,3.6734998,5.990896,-0.4600602,2.4485883999999998,-1
1245,1246,1565431797955,-3.6248,-1.0447,5.029,6.0563536,-0.79193485,4.0407996,-1
1246,1247,1565431797966,-3.5052998,-1.2082,6.1189,6.423394,-0.7798681,4.633585,-1
1247,1248,1565431797976,-3.0224,-1.0919,6.5438,7.192728,-0.72548145,4.5976143,-1
1248,1249,1565431797986,-2.3121998,-1.0216,6.2286997,7.8013244,-0.7232979,4.159810500000001,-1
1249,1250,1565431797997,-1.6574999,-0.8781,5.7005,8.400182000000001,-0.70947856,4.008047,-1
1250,1251,1565431798007,-1.2326,-0.8236,5.6309,8.897475,-0.852671,3.8072212,-1
1251,1252,1565431798017,-0.7725,-0.8716,5.4427,9.254068,-0.82051206,3.7358263,-1
1252,1253,1565431798027,-0.3381,-0.7721,5.4007998,9.512767,-0.77917856,4.0241165,-1
1253,1254,1565431798037,-0.15339999,-0.662,5.7288,9.351101,-0.80785155,4.261181400000001,-1
1254,1255,1565431798048,-0.35119998,-0.6911,6.0063996,9.071745,-0.95511407,4.254773999999999,-1
1255,1256,1565431798058,-0.5743,-0.74369997,6.058799700000001,9.076601,-0.95222193,3.9582665,-1
1256,1257,1565431798068,-0.4743,-0.6787,4.9593,9.137624,-0.9924062,3.0126145,-1
1257,1258,1565431798078,-0.5525,-0.86079997,4.1222,9.055742,-1.2779003,1.919872,-1
1258,1259,1565431798088,-0.22549999,-0.9436,3.1444,9.339388,-1.3965665,1.0181869000000001,-1
1259,1260,1565431798098,-0.22549999,-0.9436,3.1444,9.849679,-1.4651365,0.18275422,-1
1260,1261,1565431798108,1.3083,-0.7657,1.2335,10.8301325,-1.3862332,-1.0988524,-1
1261,1262,1565431798119,1.8978,-0.6182,0.42209998,11.424536999999999,-1.3139186999999999,-2.2015164,-1
1262,1263,1565431798129,2.0188,-0.6009,-0.4331,11.479891,-1.3649056,-2.9778507000000003,-1
1263,1264,1565431798139,1.8564999,-0.6572,-1.4133999,11.232579,-1.4771458999999998,-4.249191000000001,-1
1264,1265,1565431798149,1.6728,-0.6525,-2.1641,11.0563755,-1.5100038999999998,-4.9493513,-1
1265,1266,1565431798159,1.6229999,-0.4768,-2.6824,10.930919,-1.3261579,-5.6888819999999996,-1
1266,1267,1565431798170,1.5392,-0.30769998,-3.1662,10.856795,-1.1933755,-6.1302195,-1
1267,1268,1565431798179,1.3656,-0.1092,-3.2435,10.620439999999999,-0.9708104999999999,-6.324542500000001,-1
1268,1269,1565431798189,1.0246998999999999,0.0826,-3.2263,10.282971,-0.8028715999999999,-6.3952003,-1
1269,1270,1565431798199,0.6418,0.214,-3.5626998,9.939519,-0.68029803,-6.724412400000001,-1
1270,1271,1565431798209,0.2553,0.32899999999999996,-3.9715,9.457298,-0.5465388000000001,-7.2930063999999994,-1
1271,1272,1565431798219,-0.175,0.4412,-4.3374,8.896096,-0.44768697,-7.8638034,-1
1272,1273,1565431798230,-0.4737,0.4754,-4.839699700000001,8.695138,-0.42602426,-8.264478,-1
1273,1274,1565431798240,-0.562,0.51019996,-5.3006997,8.601495,-0.40496483,-8.899296000000001,-1
1274,1275,1565431798250,-0.48799998,0.5621,-5.6773996,8.695338000000001,-0.39898893,-9.206625,-1
1275,1276,1565431798260,-0.2918,0.54829997,-5.903,8.956939,-0.43852198,-9.373157,-1
1276,1277,1565431798270,0.1337,0.6119,-5.9874997,9.503401,-0.34992695,-9.267955,-1
1277,1278,1565431798281,0.5359,0.7877,-5.6794996,9.743769,-0.24594197,-9.014007000000001,-1
1278,1279,1565431798290,0.5721,0.7592,-5.5053,9.743932000000001,-0.3106237,-8.839027999999999,-1
1279,1280,1565431798300,0.25259998,0.6619,-5.3065,9.375474,-0.46445596,-8.530445,-1
1280,1281,1565431798310,-0.1652,0.4779,-4.9795,8.904257000000001,-0.63831335,-8.057015,-1
1281,1282,1565431798320,-0.4852,0.32909998,-4.495199700000001,8.693010000000001,-0.7485041,-7.5814314,-1
1282,1283,1565431798330,-0.7173,0.1609,-4.0031,8.468081,-0.96191365,-7.022069,-1
1283,1284,1565431798341,-0.8034,0.0937,-3.6237998,8.441439,-0.9890256,-6.6148057,-1
1284,1285,1565431798351,-0.80179995,0.069699995,-3.1804,8.493574,-1.0400412,-6.084653,-1
1285,1286,1565431798361,-0.8307,-0.0297,-2.9089,8.446936,-1.1474163999999998,-5.806265,-1
1286,1287,1565431798371,-1.0076,-0.1662,-2.6430000000000002,8.236350999999999,-1.3437122,-5.473308,-1
1287,1288,1565431798381,-1.1558,-0.3585,-2.5978,8.183352000000001,-1.5467021,-5.3998632,-1
1288,1289,1565431798391,-1.0390999,-0.4994,-2.4672,8.441984,-1.6864468999999997,-5.1050987,-1
1289,1290,1565431798402,-0.7847,-0.56119996,-2.2008,8.62922,-1.7285753000000001,-4.792569,-1
1290,1291,1565431798412,-0.5998,-0.71459997,-1.6733999,8.922079,-1.8887378000000001,-3.8962185,-1
1291,1292,1565431798422,-0.3369,-0.6781,-0.8537,9.26037,-1.8116158,-2.8579779,-1
1292,1293,1565431798432,-0.1038,-0.5888,-0.055299997000000004,9.356195,-1.712812,-2.0889888,-1
1293,1294,1565431798442,-0.13599999,-0.5237,0.7698,9.193581,-1.7916385,-1.1352826,-1
1294,1295,1565431798452,-0.345,-0.67609996,1.4045999,9.120654,-1.9216917000000002,-0.5373163000000001,-1
1295,1296,1565431798463,-0.4653,-0.78779995,1.9872999,8.978822000000001,-2.0136,0.28973672,-1
1296,1297,1565431798473,-0.5361,-0.8867,2.7134,9.048043,-2.049973,1.0948492,-1
1297,1298,1565431798483,-0.39029998,-0.8437,3.6905,9.259039,-1.9410846999999998,2.238569,-1
1298,1299,1565431798493,-0.23369999,-0.72609997,4.4082,9.395029,-1.8584751,2.7303572,-1
1299,1300,1565431798503,-0.0075,-0.6319,4.5221,9.784106,-1.7323965000000001,2.7275127999999995,-1
1300,1301,1565431798513,0.3181,-0.4547,4.192,10.033486,-1.6352015,2.4234781,-1
1301,1302,1565431798523,0.627,-0.37559998,3.7431997999999997,10.392588,-1.5546508999999997,2.1885781000000004,-1
1302,1303,1565431798533,0.8314,-0.2625,3.5096998,10.483605,-1.4302481000000002,1.9940444,-1
1303,1304,1565431798543,0.88119996,-0.0796,3.1473,10.460248,-1.2671934,1.5401613,-1
1304,1305,1565431798553,0.7363,0.0053999997,2.7226,10.321921000000001,-1.2085834999999998,1.3933775,-1
1305,1306,1565431798563,0.59319997,0.121599995,2.6023998,10.150668,-1.0155821,1.311467,-1
1306,1307,1565431798573,0.4617,0.2136,2.5772998,10.067408,-0.9760107,1.4093803,-1
1307,1308,1565431798584,0.3123,0.295,2.9385,9.860510000000001,-0.8934778,1.832043,-1
1308,1309,1565431798594,0.1546,0.24139999,3.1911,9.804074,-0.9739325000000001,1.9549519,-1
1309,1310,1565431798604,0.1937,0.2023,3.1696,9.969839,-0.9352709000000001,1.6441941000000002,-1
1310,1311,1565431798614,0.37039998,0.2769,2.6447,10.078737,-0.8692675999999999,1.0489763,-1
1311,1312,1565431798624,0.4193,0.3548,1.8305999,10.025778,-0.8045188,-0.032762256000000003,-1
1312,1313,1565431798634,0.2618,0.3448,0.914,9.786719999999999,-0.8929606,-0.6816770999999999,-1
1313,1314,1565431798644,-0.0234,0.1872,0.2805,9.524555,-1.0564176,-1.2453871,-1
1314,1315,1565431798654,-0.1611,0.0602,-0.027199998,9.513149,-1.2111882999999999,-1.3389812,-1
1315,1316,1565431798664,-0.0923,-0.0663,0.0416,9.667461,-1.2871898000000002,-0.86824286,-1
1316,1317,1565431798674,0.0358,-0.106,0.62619996,9.718898,-1.3020626,-0.38781279999999996,-1
1317,1318,1565431798684,-0.003,-0.101399995,1.1238999,9.503602,-1.2380513000000002,-0.13668019,-1
1318,1319,1565431798694,-0.30769998,-0.081,1.0583,9.101807,-1.2241743999999999,-0.3972268,-1
1319,1320,1565431798704,-0.65209997,-0.051999997,0.8035,8.877824,-1.1834921999999999,-0.69850355,-1
1320,1321,1565431798714,-0.8099,-0.0488,0.4197,8.977058999999999,-1.2015158000000001,-1.3093027,-1
1321,1322,1565431798725,-0.62439996,-0.020499998999999998,-0.0458,9.253772,-1.0722097,-1.3052133,-1
1322,1323,1565431798735,-0.3008,0.1496,0.0685,9.534621000000001,-0.9623446,-1.2814821,-1
1323,1324,1565431798745,-0.1339,0.2026,0.0069999998,9.491239,-0.9758095999999999,-1.2600205,-1
1324,1325,1565431798755,-0.27179998,0.1451,0.089899994,9.232721000000002,-1.061225,-1.0538701000000001,-1
1325,1326,1565431798765,-0.4588,0.0659,0.21249999,9.12165,-1.0881551999999999,-1.1099328000000002,-1
1326,1327,1565431798776,-0.5772,0.065,0.0611,9.216336,-1.1050485,-1.2815683,-1
1327,1328,1565431798785,-0.4103,0.0469,-0.0078,9.370331,-1.1143382,-1.3472556,-1
1328,1329,1565431798795,-0.2329,0.0401,-0.033,9.602981,-1.1282053,-1.3820481000000002,-1
1329,1330,1565431798805,-0.045599997,0.0438,-0.1173,9.672833,-1.1518983,-1.3278434,-1
1330,1331,1565431798815,0.0235,0.056399997,-0.036599997,9.744372,-1.0761266,-1.4180473,-1
1331,1332,1565431798825,0.0823,0.0874,-0.1567,9.75098,-1.0322168999999999,-1.3862811000000002,-1
1332,1333,1565431798835,0.061699998,0.1757,-0.055999997999999995,9.623666,-1.0035249,-1.2146264,-1
1333,1334,1565431798846,-0.0766,0.1548,0.0937,9.445701,-0.9879913,-1.0813363999999999,s
1334,1335,1565431798856,-0.2931,0.1828,0.2259,9.269707,-1.066138,-0.8923669,-1
1335,1336,1565431798866,-0.4305,0.0953,0.40129998,9.231391,-1.0999153999999998,-0.7720246999999999,-1
1336,1337,1565431798876,-0.4201,0.021399999,0.5098,9.483634,-1.1551639999999999,-0.64812,-1
1337,1338,1565431798886,-0.0858,0.0297,0.6457,9.745214,-1.102731,-0.742011,-1
1338,1339,1565431798896,0.1696,0.079399996,0.3556,9.979492,-1.1306473,-1.1842583,-1
1339,1340,1565431798907,0.35599998,0.0691,-0.015899998999999998,9.981647500000001,-1.0922828000000002,-1.2984712999999999,-1
1340,1341,1565431798917,0.23799999,0.1138,-0.0133,9.745378,-1.1433653999999998,-1.1842201,-1
1341,1342,1565431798927,0.0316,0.046,0.089999996,9.510009,-1.2162066,-0.7278852,-1
1342,1343,1565431798937,-0.1548,-0.0145,0.4921,9.406896000000001,-1.2738493999999998,-0.44990882,-1
1343,1344,1565431798947,-0.2622,-0.0858,0.802,9.319115,-1.3207088,-0.30372843,-1
1344,1345,1565431798958,-0.3401,-0.1171,0.9359,9.31355,-1.3096666000000001,-0.29976365,-1
1345,1346,1565431798968,-0.32,-0.126,0.9392,9.449760000000001,-1.2882241,-0.48222095,-1
1346,1347,1565431798978,-0.2218,-0.08339999599999999,0.7606,9.598747,-1.1621742,-0.82525265,-1
1347,1348,1565431798988,0.042799998,0.1109,-0.071899995,9.707923,-1.094763,-1.309159,-1
1348,1349,1565431798998,0.042799998,0.1109,-0.071899995,9.643921,-1.0595204,-1.4265898000000001,-1
1349,1350,1565431799008,-0.23189999,0.1158,0.078499995,9.44164,-1.0901471,-1.1583436000000003,-1
1350,1351,1565431799019,-0.4082,0.118999995,0.3998,9.236044999999999,-1.0699017,-0.7825688000000001,-1
1351,1352,1565431799029,-0.4082,0.118999995,0.3998,9.178249000000001,-1.0490146999999999,-0.6706542,-1
1352,1353,1565431799039,-0.4465,0.2067,0.6231,9.226908,-0.97048485,-0.6476411,-1
1353,1354,1565431799049,-0.3084,0.2753,0.6782,9.353571,-0.91156834,-0.59337896,-1
1354,1355,1565431799059,-0.2586,0.3658,0.5453,9.407517,-0.8640194999999999,-0.7713350999999999,s
1355,1356,1565431799069,-0.2872,0.271,0.38149998,9.37173,-0.9227253000000001,-0.89170605,-1
1356,1357,1565431799079,-0.28599998,0.1671,0.3181,9.356502,-1.0405296,-0.9866601,-1
1357,1358,1565431799089,-0.25509998,0.14209999,0.42319998,9.396485,-1.0573177,-0.86825246,-1
1358,1359,1565431799099,-0.273,0.097399995,0.74619997,9.39003,-1.0733781,-0.64227813,-1
1359,1360,1565431799110,-0.1732,0.0916,0.9517,9.491526,-1.0704477,-0.28416303,-1
1360,1361,1565431799120,-0.162,0.1244,1.0665,9.499933,-1.1085631999999999,-0.23424868,-1
1361,1362,1565431799130,-0.1313,0.1374,0.96529996,9.521577,-1.0815183000000002,-0.34627816,-1
1362,1363,1565431799140,-0.1594,0.1012,1.0406,9.461789,-1.1413829,-0.22440374,-1
1363,1364,1565431799150,-0.2952,-0.0131,1.3039,9.35543,-1.2375532,-0.032848447999999995,-1
1364,1365,1565431799161,-0.35189998,-0.0865,1.4718,9.284054,-1.3296726,0.16484559,-1
1365,1366,1565431799171,-0.33949998,-0.12799999,1.5124999,9.305361999999999,-1.3471981000000002,0.1296987,-1
1366,1367,1565431799181,-0.23869999,-0.0791,1.3563,9.425024,-1.3287723,0.0010055647,-1
1367,1368,1565431799191,-0.0984,-0.019199999,1.2702999,9.560641,-1.3083354,-0.13613431,-1
1368,1369,1565431799202,-0.0165,-0.0477,1.2255,9.657128,-1.3029821000000001,-0.15687767,-1
1369,1370,1565431799212,0.1735,-0.0854,1.2415999,9.90167,-1.3410594,-0.14962804,-1
1370,1371,1565431799222,0.3635,-0.0547,1.2267,10.049461,-1.3568132,-0.18441099,-1
1371,1372,1565431799232,0.5141,-0.0843,1.2416999,10.173575999999999,-1.4001675,-0.2218946,-1
1372,1373,1565431799243,0.5862,-0.1074,1.1517998999999999,10.268194,-1.4207002,-0.3431657,-1
1373,1374,1565431799253,0.6779999999999999,-0.1143,1.1135,10.335213000000001,-1.4013358,-0.39375997,-1
1374,1375,1565431799263,0.83849996,-0.0749,1.0291,10.627947,-1.3459053,-0.5195035,-1
1375,1376,1565431799274,1.1658,-0.0176,1.0142,10.949566,-1.3163608,-0.46243528,-1
1376,1377,1565431799284,1.5324999,0.0011,1.1080999,11.291917,-1.3146944,-0.46117115,-1
1377,1378,1565431799294,1.8405,0.0021,1.1611,11.567959,-1.34874,-0.4475625,-1
1378,1379,1565431799304,2.0602999,-0.1426,1.0566,11.7435875,-1.5518258,-0.68932897,-1
1379,1380,1565431799314,2.2507,-0.3251,0.7937,12.012525,-1.7974805,-1.1510171999999999,-1
1380,1381,1565431799324,2.5,-0.5463,0.40289998,12.268464,-1.9071636000000003,-1.400742,-1
1381,1382,1565431799334,2.8079998,-0.6317,0.109799996,12.506553,-2.0085723,-1.6646310000000002,-1
1382,1383,1565431799344,3.1153,-0.7611,-0.2419,12.885325,-2.1399374,-2.1311939,-1
1383,1384,1565431799354,3.4022,-0.84919995,-0.6222,13.005044999999999,-2.1864807999999996,-2.4718313,-1
1384,1385,1565431799364,3.3934,-0.97859997,-0.8754,12.861412,-2.372826,-2.5850961,-1
1385,1386,1565431799374,3.1968,-1.1611,-0.8225,12.567758999999999,-2.4320014,-2.6222637000000004,-1
1386,1387,1565431799384,2.9398,-1.2096,-0.898,12.401266,-2.3454366,-2.7503439999999997,-1
1387,1388,1565431799394,2.7498999,-1.1221,-0.9957,12.277898,-2.1590432999999996,-2.858131,-1
1388,1389,1565431799404,2.5095,-0.94629997,-1.2153,11.894642999999999,-1.8631008000000002,-3.1664562000000003,-1
1389,1390,1565431799414,2.2089999,-0.7407,-1.3906,11.540157,-1.4447187,-3.3122152999999996,-1
1390,1391,1565431799424,1.8786999,-0.4543,-1.4988999,11.277447,-1.1410478000000002,-3.4215155,-1
1391,1392,1565431799435,1.5385,-0.17379999,-1.6482999,10.960119,-0.56830686,-3.6742760000000003,-1
1392,1393,1565431799445,1.2866,0.2681,-1.8686999,10.674185000000001,-0.1903965,-3.85794,-1
1393,1394,1565431799455,0.8972,0.54829997,-2.0449,10.0783825,0.22509326,-3.7664334999999998,-1
1394,1395,1565431799465,0.3317,0.7443,-1.9192,9.49504,0.40513724,-3.5441177,-1
1395,1396,1565431799475,-0.39949998,0.8583,-1.5293,8.736202,0.51617074,-2.9566667,-1
1396,1397,1565431799486,-1.0418,0.7852,-1.0049,8.354414,0.5958880999999999,-2.5751076,-1
1397,1398,1565431799496,-1.4186,0.8509,-0.5721,8.044297,0.85995895,-2.1665516,-1
1398,1399,1565431799506,-1.6865,0.96019995,-0.3173,7.792418,0.98738796,-2.1097994,-1
1399,1400,1565431799516,-1.9928999,0.97779995,-0.3498,7.296923,1.0461608,-2.2372665,-1
1400,1401,1565431799526,-2.4561,0.88519996,-0.494,6.876109,1.0437281999999999,-2.4067377999999997,-1
1401,1402,1565431799536,-2.7818,0.8114,-0.6509,6.643019000000001,0.98275274,-2.5325196,-1
1402,1403,1565431799547,-3.0786,0.6709,-0.8233,6.4252139999999995,0.82543457,-2.537528,-1
1403,1404,1565431799557,-3.2387998,0.4502,-0.8264,6.4211535,0.6664404,-2.3030784,-1
1404,1405,1565431799567,-3.2205,0.24219999,-0.588,6.4651875,0.46132436,-1.8813733,-1
1405,1406,1565431799577,-3.1915,0.0029,-0.20969999,6.4357576,0.31365958,-1.4567952,-1
1406,1407,1565431799587,-3.2408997999999998,-0.2312,0.3365,6.3348374000000005,0.103439085,-0.75713277,-1
1407,1408,1565431799597,-3.3293998,-0.433,0.8836,6.210674299999999,0.13941915,-0.70846343,-1
1408,1409,1565431799608,-3.6627,-0.3874,0.5884,6.001967,0.21059398,-1.0434506,-1
1409,1410,1565431799618,-3.6627,-0.3874,0.5884,5.866062599999999,0.28658593,-1.4142646,-1
1410,1411,1565431799628,-3.8286998,-0.29600000000000004,0.1317,5.7497997000000005,0.44026494,-1.9699683000000001,-1
1411,1412,1565431799638,-3.9153998,-0.2138,-0.34899998,5.7351475,0.5441446,-2.1141856,-1
1412,1413,1565431799648,-3.99,-0.0815,0.0367,5.6624594,0.5869241999999999,-1.5949405,-1
1413,1414,1565431799659,-4.1830997000000005,-0.235,0.6598,5.42098,0.41513540000000004,-0.84769106,-1
1414,1415,1565431799669,-4.3378,-0.3913,1.1633999,5.3132505,0.27850312,-0.50261956,-1
1415,1416,1565431799679,-4.2876997,-0.48,1.6147,5.385479,0.19693746,0.0032369606,-1
1416,1417,1565431799689,-4.1797,-0.42119998,1.7014999,5.4717374,0.22899103,0.045882482,-1
1417,1418,1565431799699,-4.1797,-0.42119998,1.7014999,5.5578523,0.22515072,-0.39719805,-1
1418,1419,1565431799710,-3.918,-0.3238,0.4037,5.855815,0.27728686,-1.4621007,-1
1419,1420,1565431799720,-3.5665998,-0.1988,0.1052,6.1298842,0.33675882,-1.6135386999999999,-1
1420,1421,1565431799730,-3.4208,-0.1758,0.093899995,6.2373743,0.30363265,-1.5994129,-1
1421,1422,1565431799740,-3.3823,-0.33499998,0.1926,6.278190599999999,0.030588321,-1.488638,-1
1422,1423,1565431799750,-3.3234,-0.4509,0.5301,6.3385434,-0.10726024,-1.1929158000000002,-1
1423,1424,1565431799761,-3.1945,-0.5428,0.8933,6.504931,-0.28316703,-0.79727876,-1
1424,1425,1565431799771,-2.9566998,-0.5805,1.3192999,6.782916999999999,-0.3934248,-0.30226317,-1
1425,1426,1565431799781,-2.7768998,-0.525,1.6977999,6.911294,-0.42597637,-0.108304106,-1
1426,1427,1565431799791,-2.6166,-0.6211,1.5927,7.1601954,-0.58059394,-0.40229294,-1
1427,1428,1565431799801,-2.1129,-0.5636,1.0632,7.6488614,-0.5725302,-0.8850598,-1
1428,1429,1565431799811,-1.4412999,-0.3928,0.4377,8.449952,-0.4508665,-1.7397037,-1
1429,1430,1565431799822,-0.85609996,-0.1231,-0.27199998,8.915164,-0.28870243,-2.3763793,-1
1430,1431,1565431799832,-0.3093,0.1325,-1.0303999,9.398448,-0.16704825,-3.0961432,-1
1431,1432,1565431799842,-0.1348,0.17639999,-1.3693,9.487015,-0.26817933,-3.3616507000000007,-1
1432,1433,1565431799852,-0.0981,-0.0296,-1.3993,9.666427,-0.5718982,-3.1937022,-1
1433,1434,1565431799862,0.35029998,-0.060599997999999995,-0.9126,10.317333,-0.6043826999999999,-2.4608659999999998,-1
1434,1435,1565431799873,0.9655,0.0075,-0.2333,10.810951,-0.6409278,-1.9255702000000001,-1
1435,1436,1565431799883,1.5998,0.0574,0.2923,11.267401,-0.66327053,-1.671689,-1
1436,1437,1565431799893,1.8908,-0.0389,0.2943,11.509129,-0.9396091999999999,-1.7495006000000002,-1
1437,1438,1565431799903,2.0547,-0.2829,0.07,11.78836,-1.2922752,-2.0857997,-1
1438,1439,1565431799913,2.3762,-0.4887,-0.2128,12.165514,-1.5484068000000002,-2.3681145,-1
1439,1440,1565431799924,3.0507998,-0.63909996,-0.5751,13.0133095,-1.6551787,-2.675463,-1
1440,1441,1565431799934,3.7148,-0.53249997,-0.7046,13.4865,-1.5796272,-2.7784615,-1
1441,1442,1565431799944,4.1914997000000005,-0.3812,-0.8131,13.839376999999999,-1.491511,-2.7508898,-1
1442,1443,1565431799954,4.2745,-0.32549998,-0.64559996,13.770519,-1.4635372,-2.5112782000000005,-1
1443,1444,1565431799964,3.9539999999999997,-0.15959999,-0.3964,13.017963,-1.3158054,-2.2789066000000004,-1
1444,1445,1565431799974,3.1806997999999997,-0.1348,-0.2164,12.009345,-1.3400347,-1.9794971999999997,-1
1445,1446,1565431799985,2.3176,-0.1475,0.049799997,11.484267,-1.2887030000000002,-1.8740853,-1
1446,1447,1565431799995,1.778,-0.0819,0.1972,11.069409,-1.1634672,-1.9191441999999999,-1
1447,1448,1565431800005,1.5035,0.0482,0.0491,10.983018,-1.1174889,-2.004167,-1
1448,1449,1565431800015,1.4546,0.0686,-0.054399997,11.107382000000001,-1.2694633,-2.0941028999999998,-1
1449,1450,1565431800026,1.6114,-0.0422,-0.1241,11.324919,-1.2577316,-2.0668664,-1
1450,1451,1565431800036,1.8953999,0.0191,-0.0414,11.532936,-1.1837125,-2.1167233,-1
1451,1452,1565431800046,1.9439,0.0806,-0.1796,11.286201,-1.1852161,-2.2046576,-1
1452,1453,1565431800056,1.54,0.039,-0.252,10.648394,-1.1667328000000001,-2.0831947,-1
1453,1454,1565431800066,1.0081999,0.126,-0.115399994,10.171564,-1.0988716,-1.9530748,-1
1454,1455,1565431800077,0.4662,0.17799999,0.0032,9.825421,-1.0364403,-1.811003,-1
1455,1456,1565431800086,0.19849999,0.2871,0.1413,9.649207,-0.83190846,-1.7425191000000002,-1
1456,1457,1565431800096,0.0289,0.4265,0.1907,9.450325999999999,-0.83129555,-1.8547784,-1
1457,1458,1565431800106,-0.1504,0.3315,0.0335,9.295297,-0.93313533,-1.8217288,-1
1458,1459,1565431800116,-0.2899,0.26729998,0.1731,9.245507,-0.9705424000000001,-1.6392429,-1
1459,1460,1565431800126,-0.3109,0.22369999,0.2373,9.265092,-0.9463034,-1.6217747999999998,-1
1460,1461,1565431800136,-0.3125,0.2877,0.31059998,9.195095,-0.8615966,-1.5132504,-1
1461,1462,1565431800146,-0.38259998,0.3612,0.3752,9.063787,-0.8670841,-1.531523,-1
1462,1463,1565431800156,-0.5999,0.2969,0.253,8.86003,-0.9555642,-1.529282,-1
1463,1464,1565431800166,-0.7188,0.2636,0.35700000000000004,8.84647,-0.9425972,-1.4796453999999999,-1
1464,1465,1565431800176,-0.6411,0.2729,0.3435,8.965711,-1.0030268,-1.6462721999999999,-1
1465,1466,1565431800186,-0.5535,0.19759999,0.22039999,9.171296,-1.0173633,-1.6092867,-1
1466,1467,1565431800197,-0.2985,0.1926,0.22749999,9.395863,-1.0415832,-1.6764392,-1
1467,1468,1565431800207,-0.16059999,0.1671,0.1494,9.460583,-1.084717,-1.9538218,-1
1468,1469,1565431800217,-0.11109999599999999,0.129,-0.1039,9.476853,-1.0390165,-1.9581218,-1
1469,1470,1565431800228,-0.1011,0.18609999,-0.091699995,9.490615,-1.0401753,-1.8078139,s
1470,1471,1565431800238,-0.071899995,0.1723,0.0569,9.395614,-1.0115023,-1.7408911,-1
1471,1472,1565431800248,-0.19,0.1774,0.106599994,9.257852,-1.0497999,-1.7239497,-1
1472,1473,1565431800258,-0.32819998,0.1336,0.14400000000000002,9.267389,-1.0579690000000002,-1.6174461000000002,-1
1473,1474,1565431800268,-0.16239999,0.2226,0.2076,9.395527000000001,-0.97899866,-1.6522195,-1
1474,1475,1565431800278,-0.18259999,0.1267,0.3504,9.353926,-1.0864025,-1.4726542999999999,-1
1475,1476,1565431800289,-0.2516,0.0905,0.51339996,9.316576,-1.1146061,-1.3345088999999999,-1
1476,1477,1565431800299,-0.2516,0.0905,0.51339996,9.312631,-1.1502702,-1.2421118,-1
1477,1478,1565431800309,-0.1531,0.11009999,0.5678,9.415878,-1.1061499,-1.28221,-1
1478,1479,1565431800319,-0.1722,0.1064,0.2627,9.396198,-1.1262228,-1.6285839,-1
1479,1480,1565431800329,-0.2012,0.0632,0.0253,9.364403,-1.1657752000000001,-1.8185589,-1
1480,1481,1565431800339,-0.16139999,0.1174,-0.0535,9.398007000000002,-1.1132655,-1.8801953000000002,-1
1481,1482,1565431800349,-0.1117,0.1507,-0.0231,9.452366,-1.08397,-1.862756,-1
1482,1483,1565431800360,-0.1206,0.1918,0.0783,9.443861,-1.0632937,-1.772868,-1
1483,1484,1565431800369,-0.1391,0.15349999,0.1131,9.430837,-1.0912483999999998,-1.7370029999999999,-1
1484,1485,1565431800379,-0.1379,0.095699996,0.18699999,9.437695,-1.1353879,-1.6480631000000001,-1
1485,1486,1565431800389,-0.0287,0.1462,0.3011,9.537369,-1.0948111,-1.5519503000000001,-1
1486,1487,1565431800399,0.021599998999999998,0.19649999,0.25779998,9.580119999999999,-1.06745,-1.5851817,-1
1487,1488,1565431800409,-0.114599995,0.26569998,0.22379999,9.449703,-0.9844,-1.6540486,-1
1488,1489,1565431800420,-0.2609,0.26659998,0.1779,9.225386,-0.9687515,-1.6698025,-1
1489,1490,1565431800430,-0.36859998,0.23959999,0.1969,9.199624,-0.9841318000000001,-1.6756539000000001,-1
1490,1491,1565431800440,-0.30969998,0.25419998,0.1647,9.280078999999999,-0.9810481,-1.7626017,s
1491,1492,1565431800450,-0.15259999,0.2613,0.0433,9.413973,-1.0002974,-1.8260767,-1
1492,1493,1565431800460,0.0047,0.1805,0.1583,9.56995,-1.1025875,-1.6907661,-1
1493,1494,1565431800471,0.0345,0.07809999599999999,0.2156,9.564434,-1.262338,-1.5908896000000001,-1
1494,1495,1565431800481,0.0251,-0.0071,0.3918,9.571109,-1.3293853,-1.365327,-1
1495,1496,1565431800491,-0.0039,-0.055,0.59889996,9.508017,-1.3358593,-1.2546861,-1
1496,1497,1565431800501,-0.1114,-0.102699995,0.62909997,9.4197855,-1.3836282,-1.2230731000000001,-1
1497,1498,1565431800511,-0.1696,-0.1876,0.7284,9.431421,-1.5035683000000002,-1.1974266000000002,-1
1498,1499,1565431800522,-0.021399999,-0.2394,0.5036,9.587053,-1.5119958,-1.4059614,-1
1499,1500,1565431800531,0.39159998,-0.1506,0.2969,9.947123,-1.4507903999999998,-1.5611823999999999,-1
1500,1501,1565431800541,0.8244,-0.0616,0.2175,10.321365,-1.3817416,-1.6392908,-1
1501,1502,1565431800551,1.1387,0.0726,0.019,10.68448,-1.2368350000000001,-1.877964,-1
1502,1503,1565431800561,1.0792999,0.083299994,-0.092099994,10.609598,-1.2447549999999998,-1.9255128000000001,-1
1503,1504,1565431800572,0.9604,-0.0202,0.0625,10.47377,-1.3362135,-1.7290254,-1
1504,1505,1565431800582,0.9790000000000001,-0.0484,0.2786,10.561303,-1.3463458000000001,-1.5547372,-1
1505,1506,1565431800592,1.2821,-0.0567,0.3879,10.966804,-1.3423907,-1.3993533999999999,-1
1506,1507,1565431800602,1.5755,-0.0843,0.5068,11.269239,-1.3755168,-1.3442868000000001,-1
1507,1508,1565431800613,1.8001,-0.1026,0.4883,11.407433000000001,-1.394201,-1.4051761999999999,-1
1508,1509,1565431800623,1.9361,-0.1716,0.4103,11.574327,-1.4393557,-1.5071787,-1
1509,1510,1565431800633,2.0914,-0.23199999999999998,0.3114,11.744996,-1.4708921999999998,-1.6241595,-1
1510,1511,1565431800643,2.2949998,-0.22489999,0.053,11.990976,-1.4741483,-1.9953468,-1
1511,1512,1565431800654,2.4682999,-0.2105,-0.21869999,12.0689125,-1.4092462,-2.2549262000000003,-1
1512,1513,1565431800664,2.5626,-0.1999,-0.7161,12.148256,-1.4400548,-2.960172,-1
1513,1514,1565431800674,2.6559,-0.2742,-1.3718,12.4005,-1.3500136,-3.4633276,-1
1514,1515,1565431800684,2.8564,-0.1708,-1.6534,12.497666,-1.2352549,-3.4404103999999998,-1
1515,1516,1565431800694,2.9192998,-0.0786,-1.5087,12.375044,-1.0897735,-2.9932597000000003,-1
1516,1517,1565431800704,2.6971998,-0.0578,-1.0279,12.050303999999999,-1.1018212,-2.4767537,-1
1517,1518,1565431800715,2.258,-0.0976,-0.373,11.692774,-1.0205141,-1.9459688999999998,-1
1518,1519,1565431800725,1.8273,0.0115,0.1387,11.157765,-0.7398562,-1.6249733999999998,-1
1519,1520,1565431800735,1.3368,0.1765,0.1432,10.694659,-0.47482768,-1.8209914,-1
1520,1521,1565431800745,1.0123,0.2936,-0.115499996,10.518868,-0.35809594,-1.9754653999999998,-1
1521,1522,1565431800755,0.78599995,0.3942,-0.3001,10.280031,-0.15567099,-2.1869883999999997,-1
1522,1523,1565431800765,0.5998,0.4684,-0.5238,10.131686,-0.07336792,-2.4744265,-1
1523,1524,1565431800776,0.4535,0.5144,-0.9443,10.038764,0.081249624,-2.7493768,-1
1524,1525,1565431800786,0.35700000000000004,0.5301,-1.1279,9.966593,0.16184804,-2.7603803,-1
1525,1526,1565431800796,0.26139998,0.5912,-1.0248,9.747408,0.28406724,-2.4108462000000004,-1
1526,1527,1565431800806,0.0093,0.5787,-0.6968,9.283344,0.2872659,-1.6832005,-1
1527,1528,1565431800816,-0.3988,0.4716,-0.0836,8.878169,0.31424376,-1.2871803,-1
1528,1529,1565431800827,-0.92359996,0.41869998,0.3649,8.060578,0.26555526,-1.0249673000000001,-1
1529,1530,1565431800837,-1.6341,0.2671,0.5173,7.4989076,0.21886835,-0.8229733,-1
1530,1531,1565431800847,-2.3244,0.0994,0.70699996,6.865823299999999,0.050814535,-0.80960405,-1
1531,1532,1565431800857,-2.8377,-0.1174,0.6791,6.683462,0.05761407,-0.93403554,-1
1532,1533,1565431800868,-2.8529,-0.1391,0.5071,6.8525405,0.1451365,-0.93233085,-1
1533,1534,1565431800878,-2.8529,-0.1391,0.5071,7.1295589999999995,0.24870008,-0.6793786999999999,-1
1534,1535,1565431800888,-2.2575,0.0396,1.0476,7.451014,0.41141003,-0.35115278,-1
1535,1536,1565431800898,-2.2575,0.0396,1.0476,7.457019,0.48566859999999995,-0.32653078,-1
1536,1537,1565431800908,-2.5414999,0.2529,1.0820999,7.163834599999999,0.71004367,-0.28740954,-1
1537,1538,1565431800918,-3.0684998,0.3477,1.1308,6.547710400000001,0.8783177,-0.24310724,-1
1538,1539,1565431800928,-3.0684998,0.3477,1.1308,5.9736385,0.9012733,-0.2611978,-1
1539,1540,1565431800938,-4.4026,0.2514,1.2817999,5.4097176,0.88284755,-0.16689502,-1
1540,1541,1565431800948,-4.4026,0.2514,1.2817999,4.6591260000000005,0.7525934,0.3432519,-1
1541,1542,1565431800958,-5.4486,-0.27199998,2.2405,4.1934733,0.36866876,0.8601696,-1
1542,1543,1565431800969,-5.5014997,-0.50549996,2.5109,4.177834,0.19786641,1.035205,-1
1543,1544,1565431800979,-5.2618,-0.65,2.4859998,4.4940987,0.014958972,0.92419064,-1
1544,1545,1565431800989,-4.808399700000001,-0.6498,2.1606,4.8635526,0.013340491999999999,0.63030714,-1
1545,1546,1565431800999,-4.3075,-0.5397,1.6817,5.2784867,0.058744133,0.21192515,-1
1546,1547,1565431801009,-4.0227,-0.38419998,1.0353,5.648075,0.18765754,-0.56009954,-1
1547,1548,1565431801019,-4.0305,-0.3561,0.5529999999999999,5.572418700000001,0.16143623,-1.1418618,-1
1548,1549,1565431801029,-4.0305,-0.3561,0.5529999999999999,5.38863,0.083998166,-1.1478856000000002,-1
1549,1550,1565431801040,-4.4912,-0.4299,0.8048,5.106180999999999,-0.022266075,-0.8677928,-1
1550,1551,1565431801050,-4.6696,-0.4763,0.8509,4.9858675,-0.11819695,-0.91335917,-1
1551,1552,1565431801060,-4.5919,-0.562,0.9607,5.1218585999999995,-0.3307542,-0.86694044,-1
1552,1553,1565431801070,-4.2191997,-0.69299996,0.9345,5.7114162,-0.5487702,-0.98365295,-1
1553,1554,1565431801080,-3.4343998,-0.70199996,0.8667,6.398159,-0.56142116,-1.167001,-1
1554,1555,1565431801090,-2.6,-0.53429997,0.3252,7.1808047,-0.5468644,-2.0525107,-1
1555,1556,1565431801101,-2.0404,-0.52959996,-0.655,7.681145,-0.587336,-2.879698,-1
1556,1557,1565431801111,-1.5295,-0.3881,-1.287,8.242288,-0.52395666,-3.5411296,-1
1557,1558,1565431801121,-1.0570998999999999,-0.23869999,-1.6962,8.59868,-0.54061073,-3.9104977,-1
1558,1559,1565431801131,-0.5652,-0.16929999,-1.9147999,9.212285000000001,-0.54291874,-4.1761292999999995,-1
1559,1560,1565431801141,0.0832,-0.0813,-2.0907,9.772967999999999,-0.5745988000000001,-4.3023324,-1
1560,1561,1565431801151,0.8193,0.024999999,-1.9697,10.652532,-0.5228074,-4.1021104,-1
1561,1562,1565431801161,1.4979999,0.1278,-1.8362,11.110303,-0.56038684,-4.0845466,-1
1562,1563,1565431801172,1.8939999,0.0287,-2.2177,11.546315,-0.78913844,-4.718761,-1
1563,1564,1565431801182,2.1739,-0.1373,-2.7798998,11.714321,-0.99992394,-5.222568,-1
1564,1565,1565431801192,2.2784998,-0.2733,-3.2094,11.814542999999999,-1.3042941000000001,-5.6530933,-1
1565,1566,1565431801202,2.3436,-0.47779998,-3.3058998999999996,11.819417,-1.4476492,-5.670599500000001,-1
1566,1567,1565431801212,2.4761,-0.5035,-2.8767,12.092155,-1.5454378999999998,-5.182853,-1
1567,1568,1565431801223,2.8423,-0.51519996,-2.6297,12.520927,-1.5194849,-5.156603,-1
1568,1569,1565431801233,3.2250997999999997,-0.3843,-2.7173,12.786809,-1.4102901,-5.1745019999999995,-1
1569,1570,1565431801243,3.4482,-0.1497,-2.6576,12.865453,-1.2395836,-5.110117,-1
1570,1571,1565431801253,3.3142,-0.0574,-2.5916,12.69243,-1.254399,-5.1166964,-1
1571,1572,1565431801263,3.2447,-0.066199996,-2.6685,12.773228999999999,-1.2175281999999998,-5.125458999999999,-1
1572,1573,1565431801274,3.4282,0.0515,-2.6252,12.99274,-1.1364893,-5.061993599999999,-1
1573,1574,1565431801283,3.6883998,0.11009999,-2.6478,13.230770000000001,-1.1503373,-5.0500989999999994,-1
1574,1575,1565431801293,3.8481998,0.0672,-2.5707998,13.287560000000001,-1.2933286,-4.8072414000000006,-1
1575,1576,1565431801303,3.8105,-0.070599996,-2.2518,13.194714000000001,-1.4600896,-4.3598127,-1
1576,1577,1565431801313,3.7029998,-0.1867,-1.9240999,13.141294,-1.5636914,-4.021311,-1
1577,1578,1565431801323,3.6036,-0.3703,-1.3348,13.046062,-1.7336701,-3.1057105,-1
1578,1579,1565431801334,3.5319998,-0.3762,-0.5035,12.939492,-1.6620452000000001,-2.1357715,-1
1579,1580,1565431801344,3.4092,-0.35,0.115499996,12.844825,-1.5889360000000001,-1.8158296000000003,-1
1580,1581,1565431801354,3.2844,-0.3001,0.38349998,12.728784,-1.5376617,-1.6209034,-1
1581,1582,1565431801364,3.1097999,-0.2147,0.4026,12.561361,-1.4486356000000002,-1.5445187,-1
1582,1583,1565431801374,2.9545,-0.2112,0.4391,12.470765,-1.4565078000000002,-1.4085471999999999,-1
1583,1584,1565431801384,2.9074,-0.2902,0.7606,12.478206,-1.4925643999999998,-0.7529094,-1
1584,1585,1565431801395,2.8799999,-0.3362,1.2896,12.369499000000001,-1.4643129,0.03272395,-1
1585,1586,1565431801405,2.7252998,-0.3518,1.8313999,12.163081,-1.4849031000000001,0.4989612,-1
1586,1587,1565431801415,2.4529998,-0.39769998,2.2683,11.837881,-1.2671264,0.76231384,-1
1587,1588,1565431801425,2.1222,-0.2078,2.3752,11.556495,-1.027103,0.7852311,-1
1588,1589,1565431801436,1.7918999,-0.0163,2.2396,11.200152000000001,-0.6991739,0.6073611,-1
1589,1590,1565431801445,1.4915,0.2271,2.086,10.9407835,-0.4272501,0.79906005,-1
1590,1591,1565431801455,1.0945,0.4445,2.3597999,10.346686,-0.15783536,1.3046197,-1
1591,1592,1565431801465,0.542,0.5384,2.7767,9.845072,-0.03871903,1.670607,-1
1592,1593,1565431801475,-0.0973,0.55979997,3.1671,9.109583,0.08320330000000001,2.135082,-1
1593,1594,1565431801486,-0.73499995,0.5434,3.4542,8.548651,0.06364746,2.1109676,-1
1594,1595,1565431801496,-1.4099,0.3667,3.2652,8.06777,-0.024315512,1.9305215,-1
1595,1596,1565431801506,-1.7098999,0.2993,3.1429,8.0128565,-0.034189202,1.7733276999999998,-1
1596,1597,1565431801516,-1.6645,0.2261,2.8637,8.140965,-0.028337771,1.4501871000000002,-1
1597,1598,1565431801526,-1.4804,0.1347,2.4329,8.33686,-0.120390035,1.1489391000000002,-1
1598,1599,1565431801536,-1.4031999,0.028999999999999998,2.3609,8.382282,-0.23086809,1.200242,-1
1599,1600,1565431801547,-1.3542,-0.14469999,2.4429,8.371642,-0.34546414,1.4492198,-1
1600,1601,1565431801557,-1.4900999,-0.3613,2.8588,7.948759,-0.538523,1.5892231,-1
1601,1602,1565431801567,-1.8794999,-0.58169997,2.7937,7.4029675,-0.70989996,1.3029532,-1
1602,1603,1565431801577,-2.8810000000000002,-0.90449995,2.5483,6.935226400000001,-0.7712777,1.2557588,-1
1603,1604,1565431801588,-2.8810000000000002,-0.90449995,2.5483,6.536726,-0.8434676999999999,0.96331185,-1
1604,1605,1565431801598,-2.9487997999999997,-0.84139997,1.8025999,6.6764803,-0.685776,0.5482816999999999,-1
1605,1606,1565431801608,-2.4329998,-0.5962,1.3002,7.276534,-0.3847578,-0.13744633,-1
1606,1607,1565431801618,-2.4329998,-0.5962,1.3002,7.5800714000000005,-0.22832064,-0.49330133,-1
1607,1608,1565431801629,-1.8993,-0.34019998,0.4168,7.7967086,-0.10568964,-1.1091282,-1
1608,1609,1565431801639,-1.7946,-0.22699999999999998,-0.0241,7.9057302,0.067334525,-1.6451995,-1
1609,1610,1565431801649,-1.7946,-0.22699999999999998,-0.0241,7.969464299999999,0.12068692,-1.660082,-1
1610,1611,1565431801659,-1.6508,-0.0326,0.2047,7.9956949999999996,0.29206386,-1.4596681999999999,-1
1611,1612,1565431801669,-1.8084999,-0.0458,0.12539999,7.8543224,0.28419173,-1.5789473,-1
1612,1613,1565431801679,-2.2114,-0.2436,-0.1127,7.3768606,0.08169974,-1.9388628,-1
1613,1614,1565431801690,-2.3007,-0.3563,-0.3621,7.340718300000001,0.014882358,-2.1599817000000003,-1
1614,1615,1565431801700,-1.8908,-0.3807,-0.6249,7.86185,-0.027102364,-2.5139308,-1
1615,1616,1565431801710,-1.2074,-0.3178,-0.8639,8.675581,0.107097425,-2.8788072999999996,-1
1616,1617,1565431801720,-0.6333,-0.13319999,-1.2372,9.057389,0.24998339,-3.240303,-1
1617,1618,1565431801731,-0.43269998,-0.0296,-1.6746999,9.138457,0.37161842,-3.69636,-1
1618,1619,1565431801741,-0.60499996,0.1148,-1.8204999,8.957522,0.50357723,-3.791496,-1
1619,1620,1565431801751,-0.9440000000000001,0.2023,-1.7723,8.674682,0.56922626,-3.7384312000000004,-1
1620,1621,1565431801761,-1.1852,0.2753,-1.5792999,8.403294,0.6955156,-3.5018358,-1
1621,1622,1565431801771,-1.2795,0.42589998,-1.1912999,8.330328,0.8272541999999999,-3.0748732000000003,-1
1622,1623,1565431801782,-1.2566,0.3928,-0.92329997,8.366997,0.7850396,-2.9047412999999995,-1
1623,1624,1565431801792,-1.0881,0.3272,-0.7589,8.624163000000001,0.7067492,-2.6013862999999997,-1
1624,1625,1565431801802,-0.67539996,0.311,-0.3719,9.026677000000001,0.7246961,-2.349612,-1
1625,1626,1565431801812,-0.1557,0.3425,-0.23249999,9.623379,0.70899975,-2.240475,-1
1626,1627,1565431801823,0.1572,0.2992,-0.2333,9.79941,0.6575244,-2.4162571,-1
1627,1628,1565431801833,0.1855,0.2748,-0.4912,9.797121,0.66428566,-2.5963583,-1
1628,1629,1565431801843,0.21319999,0.3355,-0.7229,9.826407000000001,0.7141329000000001,-2.9371302000000004,-1
1629,1630,1565431801853,0.2111,0.4114,-1.0651,9.784978,0.79892594,-3.1031346,-1
1630,1631,1565431801863,0.101399995,0.4535,-1.0734999,9.588519,0.71976405,-2.970601,-1
1631,1632,1565431801873,-0.046699997,0.3446,-0.8828,9.506762,0.6153960999999999,-2.6432467,-1
1632,1633,1565431801884,-0.13589999,0.1959,-0.4166,9.469346,0.4698477,-2.0319302,-1
1633,1634,1565431801894,-0.0976,0.059299998,0.16699999999999998,9.544591,0.3503196,-1.7094886999999999,-1
1634,1635,1565431801904,0.0481,-0.035099998,0.2792,9.713946,0.27171317,-1.6978433999999998,s
1635,1636,1565431801914,0.14469999,-0.118099995,0.23339999,9.766591,0.2142236,-1.7274835,-1
1636,1637,1565431801924,0.19209999,-0.1038,0.1284,9.828926,0.22134873,-1.9865743999999999,-1
1637,1638,1565431801934,0.1804,-0.11109999599999999,-0.1942,9.755653,0.19685125,-2.282335,-1
1638,1639,1565431801945,0.13,-0.1423,-0.3877,9.695492,0.1992742,-2.3389819,-1
1639,1640,1565431801955,0.0808,-0.0991,-0.3602,9.727421000000001,0.27665478,-2.2490842,-1
1640,1641,1565431801965,0.1104,-0.0585,-0.2625,9.726024,0.33059138,-1.9819296999999998,-1
1641,1642,1565431801975,0.0712,-0.0197,0.0888,9.618101,0.32280543,-1.5924889,-1
1642,1643,1565431801986,-0.036599997,-0.060099997,0.39029998,9.56407,0.30150659999999996,-1.4317422,-1
1643,1644,1565431801996,-0.0958,-0.0315,0.5923,9.534764,0.37539166,-1.2497542,-1
1644,1645,1565431802006,-0.087,-0.0009999999,0.6839,9.492426,0.3977918,-1.3471693999999999,-1
1645,1646,1565431802016,-0.1576,-0.017199999,0.496,9.432216,0.34058958,-1.7041162,-1
1646,1647,1565431802026,-0.20889999,-0.031799997999999996,0.16,9.474441,0.38286158,-1.9655534,-1
1647,1648,1565431802036,-0.133,-0.0256,-0.1673,9.552760000000001,0.38586873,-2.151736,-1
1648,1649,1565431802047,-0.0557,0.0011999999,-0.27179998,9.584324,0.46072102,-2.1578652999999997,-1
1649,1650,1565431802057,-0.0464,0.0451,-0.27539998,9.485463000000001,0.4358309,-1.9780798,-1
1650,1651,1565431802067,-0.1539,0.0173,-0.0007,9.411425,0.5039412,-1.6322518999999998,-1
1651,1652,1565431802077,-0.22199999,0.0656,0.2447,9.356722999999999,0.5763514,-1.568748,-1
1652,1653,1565431802088,-0.2514,0.1823,0.2793,9.3695545,0.6384378,-1.595429,-1
1653,1654,1565431802099,-0.2514,0.1823,0.2793,9.372208,0.67643857,-1.7183378,-1
1654,1655,1565431802109,-0.3613,0.2538,0.196,9.269554,0.72246474,-1.6717369999999998,-1
1655,1656,1565431802119,-0.4698,0.1786,0.309,9.154508,0.63619685,-1.5165448000000001,-1
1656,1657,1565431802129,-0.45049998,0.13589999,0.4046,9.176679,0.61437136,-1.4506277,-1
1657,1658,1565431802139,-0.2445,0.0967,0.3263,9.413666000000001,0.5815994999999999,-1.5194370000000001,-1
1658,1659,1565431802149,-0.0285,0.0495,0.3672,9.599006,0.52704996,-1.4897201999999998,-1
1659,1660,1565431802159,0.13849999,-0.018000000000000002,0.2223,9.759360000000001,0.508538,-1.6445963,-1
1660,1661,1565431802170,0.16839999,0.0391,0.0285,9.788598,0.5181627000000001,-1.8342841,-1
1661,1662,1565431802180,0.1002,0.061699998,-0.275,9.702214999999999,0.5297698000000001,-2.1455686000000003,-1
1662,1663,1565431802190,-0.046099997999999996,0.00029999999,-0.1179,9.529708,0.5047169,-1.8133396000000002,-1
1663,1664,1565431802200,-0.1625,-0.035499997,0.3455,9.469211,0.5110567,-1.4003876,-1
1664,1665,1565431802210,-0.21959999,-0.012999999,0.8893,9.32397,0.56699485,-0.8475953000000002,-1
1665,1666,1565431802220,-0.4335,-0.0179,1.1786,9.128822999999999,0.5184213,-0.68400425,-1
1666,1667,1565431802231,-0.62799996,-0.0385,1.0468998999999999,8.968881,0.5207485,-1.0408552,-1
1667,1668,1565431802241,-0.6563,-0.0537,0.5803,8.980383,0.5356116,-1.4020348999999999,-1
1668,1669,1565431802251,-0.5082,0.0637,0.0168,9.262869,0.6219657,-2.2101450000000002,-1
1669,1670,1565431802263,-0.203,0.0459,-0.624,9.654378999999999,0.6242833000000001,-2.6791403,-1
1670,1671,1565431802273,0.1513,0.025799999,-0.7642,9.922491,0.5910135,-2.5005233,-1
1671,1672,1565431802283,0.47739998,0.028299998,-0.2439,10.219505999999999,0.64040107,-1.7332393,-1
1672,1673,1565431802293,0.6083,0.0714,0.44529998,10.196282,0.69311184,-1.3258322,-1
1673,1674,1565431802303,0.436,0.18429999,0.76269996,9.778313,0.79506654,-1.1103254999999999,-1
1674,1675,1565431802313,-0.078999996,0.1832,0.86429995,9.337444,0.7844171,-1.122919,-1
1675,1676,1565431802324,-0.604,0.1222,0.7292,8.738616,0.7920401999999999,-1.3303813,-1
1676,1677,1565431802334,-0.9535,0.096599996,0.5711,8.582677,0.7609443,-1.4864161,-1
1677,1678,1565431802344,-0.9906,0.0341,0.34109998,8.720526,0.7491744,-1.7502763,-1
1678,1679,1565431802354,-0.72499996,0.0033,0.2173,9.020892,0.6956784,-1.7558692999999999,-1
1679,1680,1565431802364,-0.3331,-0.019399998999999998,0.2963,9.590272,0.7448935999999999,-1.6976134999999999,-1
1680,1681,1565431802374,0.1757,0.0718,0.2074,10.008308,0.76877815,-1.7871375,-1
1681,1682,1565431802384,0.43899998,0.10349999,0.2437,10.031676,0.77171826,-1.6009452,-1
1682,1683,1565431802395,0.3891,0.109799996,0.46699998,9.809964,0.7981501999999999,-1.5167363,-1
1683,1684,1565431802405,0.1629,0.1387,0.42459998,9.518925,0.85096633,-1.5414828,-1
1684,1685,1565431802415,-0.2298,0.1819,0.3906,9.19859,0.92095363,-1.5757008,-1
1685,1686,1565431802425,-0.60249996,0.233,0.3877,8.847255,0.9337866,-1.6848763,-1
1686,1687,1565431802435,-0.8077,0.2278,0.19319999,8.646315,0.97448796,-1.8678700000000001,-1
1687,1688,1565431802446,-0.9632,0.2866,0.111899994,8.629163,0.96999645,-1.9807519,-1
1688,1689,1565431802456,-0.9418,0.302,-0.053799997999999995,8.700845,1.0409319,-2.0124798,-1
1689,1690,1565431802466,-0.8716,0.3617,-0.0036,8.715266999999999,1.1031811000000002,-1.9491675,-1
1690,1691,1565431802476,-0.8903,0.4847,0.123399995,8.674136,1.2027416000000002,-1.7413603,-1
1691,1692,1565431802486,-0.91959995,0.56259996,0.29709998,8.663649000000001,1.2351782,-1.4326903,-1
1692,1693,1565431802496,-0.92999995,0.615,0.5855,8.673896000000001,1.3106339,-1.3024361,-1
1693,1694,1565431802506,-0.92069995,0.75,0.7675,8.643547,1.3926975000000001,-1.0975499,-1
1694,1695,1565431802516,-0.99939996,0.8394,1.0397999,8.512613,1.4230368,-0.93184245,-1
1695,1696,1565431802526,-1.2736,0.9321,1.2172999,8.113222,1.5155296,-0.7492415,-1
1696,1697,1565431802536,-1.675,1.0503,1.3871,7.603324000000001,1.6079363000000002,-0.49265010000000004,-1
1697,1698,1565431802546,-2.0772,1.1889,1.653,7.2941747,1.6319454,-0.25030902,-1
1698,1699,1565431802556,-2.4607,1.2361,1.9354,6.8359630000000005,1.4059708999999998,0.053112973,-1
1699,1700,1565431802567,-2.7856998,1.119,2.1683,6.6213655,1.1754476,0.39876863,-1
1700,1701,1565431802577,-2.9731,1.0072,2.4694,6.5549984,1.0395433,0.47290272,-1
1701,1702,1565431802587,-3.0523999,0.9515,2.55,6.588125,0.6873083000000001,0.35708082,-1
1702,1703,1565431802597,-3.0133,0.8239,2.4266999,6.734813000000001,0.25529853,-0.3975907,-1
1703,1704,1565431802607,-2.8937,0.2311,0.83419997,7.7737813,-0.90057415,-3.233877,-1
1704,1705,1565431802617,0.68759996,0.13589999,-0.90309995,9.997985,-0.30266540000000003,-2.7089147999999996,-1
1705,1706,1565431802628,0.68759996,0.13589999,-0.90309995,11.37787,-1.9927324,-4.327969599999999,-1
1706,1707,1565431802638,1.8357999,-0.9971,-2.2718,10.330051,-1.7582251,-3.3283617,-1
1707,1708,1565431802648,0.21899999999999997,-0.56159997,-0.8231,5.987515,-1.9156679,-1.1030469999999999,-1
1708,1709,1565431802658,-2.3660997999999998,0.8386,2.6197,8.368175500000001,-0.17861702,1.3102125,-1
